0,0,0,0,0,0,0,0,0,0,0,0,0,0,0,0,0,1,1,1,1,1,1,1,1,5,5,5,1,1,1,1,5,5,5,6,8,8,8,8,8,8,8,8,8,8,8,8,8,8,8,8,8,8,8,8,8,8,8,9,9,10,10,10,10,10,10,10,11,11,11,11,11,11,11,11,11,11,11,11,11,11,13,13,13,15,16,16,16,16,19,19,17,17,18,19,19,19,19,20,20,20,20,21,21,22,24,25,25,29,29,31,33,33,34,34,34,34,37,37,37,37,38,40,40,40,40,40,40,40,40,40,40,42,44,44,45,45,45,46
0,0,0,0,0,0,0,0,0,0,0,1,1,1,1,5,8,8,12,11,13,13,13,15,15,15,15,15,15,16,16,16,16,16,16,16,17,19,20,22,22,24,24,26,26,26,27,29,29,29,31,31,32,32,32,32,33,33,33,33,33,35,37,37,37,37,40,41,42,43,44,48,50,51,51,53,55,55,56,56,56,56,58,59,59,60,60,65,68,69,71,72,73,80,81,82,82,87,90,91,92,93,94,94,95,96,101,103,105,112,116,118,122,123,126,127,130,131,133,138,139,143,143,144,144,148,148,150,150,151,153,156,162,164,167,171,172,172,176,178
0,0,0,0,0,0,0,1,3,3,5,6,9,9,9,11,10,14,16,17,18,18,19,19,19,20,20,20,20,21,21,22,22,24,24,26,29,29,29,29,29,30,30,30,31,31,31,31,31,31,31,31,31,31,31,31,31,32,32,33,33,33,33,33,33,33,33,33,33,33,35,35,35,35,35,35,35,35,35,35,35,35,35,35,35,36,36,36,37,38,38,38,39,39,43,43,45,47,47,48,49,50,50,51,52,54,58,61,62,65,68,69,69,73,73,74,76,78,81,86,89,89,89,89,90,92,96,98,99,100,100,101,108,110,112,118,119,119,120,120
0,0,0,0,0,0,0,0,0,0,0,0,0,0,0,0,0,0,0,0,1,1,1,1,1,1,1,1,1,1,1,1,1,1,1,1,1,1,1,1,1,1,1,1,1,1,1,1,1,1,1,1,2,2,2,2,3,3,3,3,3,4,4,4,4,4,6,6,6,6,6,7,7,8,8,9,9,9,9,9,9,10,10,10,10,10,10,9,9,9,9,9,9,9,9,9,9,9,10,11,11,11,12,13,13,13,13,13,14,14,15,16,16,16,15,15,15,15,15,15,15,15,15,15,17,17,17,17,17,17,18,18,18,19,20,20,20,20,20,20
2,1,1,2,3,3,3,4,5,6,8,8,10,10,11,13,13,15,17,19,21,22,24,26,26,32,33,33,34,35,37,38,40,42,44,47,51,62,65,68,68,68,75,82,81,81,85,86,87,87,99,102,106,110,113,116,120,130,135,139,139,148,149,149,153,153,163,170,172,173,173,182,186,191,195,204,215,220,226,226,228,231,238,248,249,252,256,266,276,282,286,289,292,309,311,319,328,337,351,363,369,381,392,405,417,440,450,457,474,523,549,559,569,572,590,603,616,640,650,674,688,699,711,736,746,760,765,776,801,812,820,848,881,892,905,921,931,937,947,955
0,1,0,0,2,3,3,5,5,5,6,9,10,10,10,12,14,16,16,18,25,26,28,31,31,34,37,37,37,38,39,39,41,43,44,46,51,54,54,57,59,61,62,66,66,66,69,70,71,71,76,80,86,86,93,99,101,105,114,115,115,124,124,124,126,126,129,132,135,138,139,143,143,144,146,153,155,157,157,157,164,165,166,169,170,173,174,178,178,180,181,183,186,188,192,197,200,201,208,211,209,211,214,217,226,233,237,240,248,269,285,292,298,302,306,309,314,323,330,333,342,349,352,362,375,388,391,397,410,415,418,423,435,440,455,468,470,475,480,491
1,1,2,2,2,2,2,3,4,4,6,6,8,9,9,10,12,12,13,13,14,16,17,17,17,19,20,22,22,23,25,26,27,28,28,30,32,34,34,34,34,36,36,37,38,38,39,43,43,44,46,48,50,51,52,53,54,59,62,63,63,65,65,65,66,66,69,70,72,72,75,80,80,80,82,83,87,88,91,94,94,95,97,99,100,102,102,104,105,106,106,107,110,114,124,125,127,130,134,138,141,145,147,154,162,164,168,173,177,194,203,207,211,215,222,230,234,234,237,244,251,259,265,269,274,277,281,284,291,292,299,301,306,309,312,324,327,337,340,348
0,0,0,0,0,0,0,0,0,1,2,2,4,5,5,7,7,7,10,13,15,17,20,20,20,23,24,24,26,29,34,35,40,42,42,51,56,66,70,74,76,76,86,91,105,105,111,116,120,121,142,144,147,147,151,151,161,172,177,182,182,193,200,204,208,208,217,224,241,248,251,258,263,271,279,288,291,293,296,296,295,296,297,305,308,309,311,324,328,334,339,343,351,360,363,371,377,383,398,417,427,431,442,450,454,482,494,498,510,541,556,572,580,590,609,634,651,674,685,716,725,736,746,772,785,800,810,821,848,858,880,890,937,953,970,988,994,1011,1018,1028
0,0,0,0,0,0,0,0,0,0,0,1,1,1,1,1,1,1,1,1,1,1,1,1,1,1,5,5,5,5,5,7,10,10,10,10,11,12,12,12,13,13,13,13,14,14,14,14,14,14,15,15,15,15,15,15,15,15,17,19,19,20,20,21,21,21,22,25,26,26,28,30,30,31,33,35,36,38,41,42,42,41,43,44,45,48,49,50,55,58,59,62,64,72,72,74,80,82,84,84,86,93,93,95,98,101,104,106,110,126,130,132,135,140,143,153,163,167,172,175,178,181,184,187,193,200,204,209,214,217,219,222,225,229,229,231,233,235,237,239
0,0,0,0,0,0,1,1,1,1,3,0,0,0,0,0,0,0,0,0,0,0,0,0,0,0,0,0,0,0,0,0,0,0,0,0,0,0,0,0,0,0,0,0,0,0,0,0,0,0,0,0,0,0,0,0,0,0,0,0,0,0,0,0,0,0,0,0,0,0,0,0,0,0,0,0,0,0,0,0,0,0,0,0,0,0,0,0,0,0,0,0,0,0,0,0,0,0,0,0,0,0,0,0,0,0,0,0,0,0,0,0,0,0,0,0,0,0,0,0,0,0,0,0,0,0,0,0,0,0,0,0,0,0,0,0,0,0,0,0
0,0,0,0,0,0,0,0,0,0,0,0,1,1,1,1,1,1,1,1,6,7,8,9,9,8,8,8,9,9,9,9,10,11,11,16,17,19,19,20,21,21,22,23,25,25,30,34,34,34,34,34,34,34,34,34,34,38,38,39,39,39,41,41,41,41,43,46,47,47,48,48,51,51,51,51,52,52,52,52,52,52,52,52,52,52,52,54,55,56,56,56,57,58,58,58,59,60,63,69,69,70,70,71,73,79,84,84,84,96,100,101,102,103,107,114,116,122,125,128,129,129,132,135,139,141,143,143,146,146,150,153,159,161,162,164,164,167,168,169
0,0,0,0,0,0,0,0,0,0,0,0,0,0,0,0,0,0,0,0,0,0,0,0,0,1,1,1,1,1,1,1,5,5,5,5,6,7,8,9,12,13,13,13,13,13,13,13,13,13,13,13,14,14,14,14,14,14,14,14,14,14,15,15,15,15,19,20,20,20,20,23,23,24,25,29,30,32,32,33,32,33,36,36,37,40,41,40,41,42,42,45,45,47,48,49,49,52,59,63,63,63,65,66,70,72,74,77,82,87,92,94,94,95,99,101,105,113,116,125,135,141,145,150,157,161,162,164,173,173,177,181,186,189,190,196,198,199,201,204
0,0,0,0,0,0,0,0,0,0,1,1,1,2,3,5,7,8,8,8,13,13,14,14,14,18,19,20,20,21,22,22,22,22,22,23,31,37,40,45,48,49,55,61,68,68,71,72,77,79,83,89,96,96,101,101,103,106,111,114,114,117,118,119,121,121,128,131,134,139,142,153,159,162,167,176,183,183,189,198,209,212,216,221,226,231,233,247,256,270,273,279,283,288,292,301,313,328,343,357,362,374,385,392,406,435,449,461,469,536,558,572,587,606,637,668,685,713,733,762,773,784,808,828,852,872,878,890,920,938,962,986,1016,1027,1049,1056,1071,1080,1086,1106
0,0,0,0,0,0,0,0,0,0,0,0,0,0,0,2,3,5,7,9,10,11,11,12,12,18,22,25,28,31,34,35,37,40,41,44,52,57,62,67,70,72,73,77,83,83,89,94,100,107,116,124,126,128,144,149,152,158,168,178,178,191,192,195,207,207,224,235,248,261,271,286,294,303,325,338,347,357,367,376,382,393,405,407,412,419,427,445,464,484,494,513,535,552,561,576,594,620,656,710,726,744,760,785,824,865,903,929,952,1095,1137,1168,1189,1215,1254,1301,1339,1392,1429,1486,1526,1561,1601,1648,1685,1714,1729,1755,1787,1807,1843,1873,1931,1955,1983,2014,2028,2039,2064,2103
0,0,0,0,0,0,0,0,0,0,0,6,8,9,9,11,12,12,13,15,18,18,20,20,20,21,21,21,21,21,21,21,22,22,23,25,26,27,27,28,28,28,28,29,28,28,29,29,29,30,30,30,31,31,31,31,31,31,32,32,32,32,32,32,32,32,33,33,33,34,34,34,35,35,36,36,36,36,36,38,38,38,38,38,38,38,39,39,39,39,39,39,39,39,40,41,41,43,43,43,43,43,43,44,44,45,46,48,49,50,51,51,51,51,52,52,52,52,53,55,55,55,56,56,56,57,57,57,57,57,57,57,57,57,58,58,58,59,60,61
0,0,0,0,0,0,0,0,0,0,2,4,5,6,11,12,12,14,14,16,20,22,24,28,28,35,37,37,41,56,64,71,75,78,80,93,104,109,112,117,116,116,117,119,121,121,132,135,137,137,137,142,144,146,151,153,154,163,177,177,177,183,185,187,198,198,232,241,245,257,259,285,294,300,319,337,342,348,350,359,381,400,408,412,414,426,437,457,468,479,486,486,497,509,515,522,539,557,575,586,589,598,609,618,631,652,663,672,678,716,735,747,756,775,790,804,811,840,857,880,894,905,931,956,966,980,984,994,1016,1025,1038,1049,1074,1103,1122,1135,1142,1154,1177,1194
0,0,0,0,0,0,0,0,0,3,3,1,1,1,2,4,5,5,8,10,12,11,12,17,17,23,26,28,33,35,39,41,46,52,54,58,63,70,75,80,82,82,84,90,97,97,106,109,109,110,117,121,125,129,133,133,136,140,149,152,152,158,159,162,171,171,194,204,209,219,223,257,260,266,285,311,320,324,335,339,353,358,359,368,374,393,398,416,429,435,448,453,469,493,500,507,532,556,577,590,592,604,618,636,662,678,703,715,722,774,821,859,870,901,927,945,966,992,1019,1046,1067,1088,1106,1143,1166,1191,1198,1211,1242,1259,1277,1291,1322,1346,1364,1393,1403,1410,1422,1439
0,0,0,0,0,0,1,3,3,7,8,10,12,14,17,20,23,24,26,30,32,37,39,42,42,48,50,50,50,52,55,57,61,62,66,74,78,87,99,102,104,106,111,114,122,122,137,139,139,142,155,158,162,171,179,180,182,188,216,223,223,236,247,255,260,260,300,303,309,318,331,357,361,368,382,402,413,421,427,435,439,446,457,471,478,492,503,517,527,546,554,567,575,592,601,609,633,653,674,704,722,751,765,789,817,849,869,881,913,1031,1077,1106,1124,1152,1173,1205,1229,1259,1279,1322,1351,1374,1397,1439,1469,1489,1508,1527,1566,1584,1593,1617,1638,1656,1675,1700,1705,1718,1731,1757
0,0,0,0,0,0,0,0,0,0,0,14,17,18,19,20,22,23,23,24,25,25,26,26,26,26,26,26,26,26,26,26,26,27,28,31,31,31,31,31,31,32,32,32,32,32,32,32,32,33,34,34,33,33,34,34,35,35,35,35,35,36,36,36,36,36,36,37,37,37,37,37,37,37,37,37,37,37,37,37,37,37,37,37,37,37,37,41,41,41,41,42,43,46,46,47,48,49,50,52,52,52,52,52,52,56,56,56,56,60,61,62,63,63,63,63,63,64,64,65,66,66,67,69,72,73,74,74,75,76,77,78,79,81,83,86,87,87,87,87
1,1,4,4,5,7,8,12,12,13,15,21,21,24,28,35,39,45,53,60,65,65,70,71,71,71,73,74,74,76,78,78,78,80,80,94,99,100,102,103,103,104,105,105,106,106,108,110,112,113,114,116,115,116,118,119,119,120,120,123,123,124,125,125,125,125,126,128,128,128,130,134,135,137,138,139,138,139,139,140,141,144,146,147,149,150,152,155,158,165,169,174,176,188,190,191,197,199,201,203,203,206,207,218,229,235,237,243,246,306,311,329,331,351,372,389,402,419,425,453,472,482,496,496,502,517,523,522,527,530,530,530,530,534,538,540,541,543,545,547
0,0,0,2,2,5,6,7,7,8,10,8,10,11,11,13,15,15,16,16,17,17,18,19,19,19,20,20,20,21,22,22,23,23,23,28,29,30,30,30,30,30,30,30,30,30,31,33,33,33,33,33,33,33,33,33,34,34,34,34,34,34,34,34,34,34,33,33,34,34,36,37,37,37,37,37,37,37,37,37,37,37,37,39,39,39,40,42,42,43,43,42,45,47,48,50,51,51,53,53,53,54,55,57,57,57,59,60,62,71,73,74,78,78,80,81,84,90,91,92,95,96,96,99,100,102,102,102,102,103,104,107,109,111,113,114,116,117,118,119
0,0,0,0,0,0,0,0,0,0,0,0,0,0,0,0,0,0,0,0,0,0,0,0,0,0,0,0,0,1,1,1,1,1,1,1,1,1,1,1,1,1,1,1,1,1,1,1,1,1,1,1,1,1,2,2,2,2,2,2,2,2,2,2,2,2,3,3,3,3,3,3,3,3,3,3,3,3,4,4,4,4,4,4,4,4,4,4,4,4,4,4,4,4,4,4,5,5,5,5,6,6,6,6,6,6,6,6,6,7,7,7,7,7,7,7,7,7,7,7,7,7,7,7,7,7,7,7,8,9,12,12,12,12,12,12,13,13,13,13
0,1,2,13,16,18,23,27,31,34,42,30,31,33,34,36,39,42,44,46,49,49,49,52,52,53,53,53,54,55,57,58,58,58,58,59,61,62,62,62,63,63,63,64,65,65,65,65,65,65,66,66,67,68,68,69,69,70,70,71,71,74,74,74,74,74,74,74,75,75,75,75,75,78,78,81,81,81,82,82,83,85,85,85,86,86,86,88,88,90,90,90,92,92,93,94,96,98,101,102,102,106,106,109,113,116,118,119,120,128,133,137,139,144,146,149,153,153,159,166,168,171,175,177,181,190,193,196,198,200,202,201,206,210,212,212,213,214,215,217
0,0,0,1,1,1,2,2,2,3,6,7,17,19,21,27,39,41,50,61,70,77,79,83,83,96,100,102,103,108,112,117,121,134,134,141,151,170,188,203,208,219,222,226,234,234,241,252,256,260,270,283,288,291,299,303,304,314,318,329,329,342,345,350,356,356,363,368,370,371,380,390,393,394,395,399,402,404,405,405,408,408,409,418,419,424,426,431,436,441,443,445,447,463,465,474,480,490,516,519,524,529,536,542,555,568,580,586,590,621,645,656,661,678,699,713,725,748,763,788,795,802,813,823,835,856,869,882,905,909,922,926,968,982,992,998,1005,1021,1028,1047
0,0,0,1,1,1,2,3,4,4,5,7,10,10,11,13,13,13,16,16,20,20,20,20,20,23,23,23,25,26,26,26,26,26,25,29,29,31,31,33,34,34,34,35,35,35,38,38,43,44,46,46,47,47,47,47,47,48,48,49,49,50,51,51,51,51,52,52,53,53,58,58,59,59,61,64,69,81,84,85,86,87,90,92,92,94,95,96,98,98,99,98,98,98,99,101,102,103,104,108,109,112,115,117,119,124,126,130,132,137,140,141,142,145,148,151,155,156,159,162,162,169,170,174,176,183,185,187,190,192,193,194,197,199,201,201,203,204,206,207
0,0,0,0,0,0,1,2,2,2,3,2,3,3,4,7,10,16,20,29,32,39,46,53,53,63,72,76,79,85,93,92,99,103,108,123,145,167,187,192,197,200,216,223,246,246,285,287,316,318,348,355,362,365,370,372,378,384,396,406,406,420,425,428,431,431,441,443,449,452,459,472,483,486,489,501,507,510,527,537,543,548,552,562,566,576,583,592,601,609,616,617,628,648,655,670,685,692,701,710,718,733,747,757,765,790,806,814,824,849,877,887,896,906,911,921,931,947,956,983,1012,1031,1057,1100,1107,1125,1138,1145,1184,1198,1217,1222,1267,1283,1298,1310,1321,1334,1349,1358
0,0,0,0,0,0,0,0,0,0,0,7,9,13,15,16,17,17,24,24,26,28,27,28,28,28,29,30,30,30,33,37,41,45,48,52,54,56,56,58,59,62,64,65,65,65,64,69,70,70,70,69,68,67,67,68,69,69,71,71,71,71,71,71,71,71,72,72,72,74,76,76,76,77,78,79,79,81,82,83,84,89,89,91,91,93,93,93,93,93,93,93,90,91,92,93,96,96,97,100,102,107,110,113,114,117,121,128,129,131,134,136,136,138,140,142,144,146,147,151,154,156,158,161,164,165,166,165,167,167,167,168,168,169,169,170,171,171,174,176
0,0,0,1,1,1,1,1,2,2,2,3,4,4,3,3,3,4,4,5,5,6,6,6,6,8,8,9,9,9,9,9,9,10,10,11,12,16,16,17,18,18,18,18,20,20,21,21,21,22,22,22,25,163,170,172,172,209,229,253,253,267,276,276,280,280,287,292,301,303,316,321,322,340,442,572,642,693,755,821,930,1045,1131,1226,1239,1305,1498,1644,1701,1720,1719,1715,1721,1724,1724,1727,1729,1731,1731,1734,1734,1772,1774,1777,1781,1786,1792,1791,1792,1799,1805,1810,1813,1816,1817,1819,1821,1822,1825,1830,1833,1834,1835,1836,1839,1840,1842,1846,1848,1850,1851,1853,1856,1857,1859,1858,1858,1858,1862,1865
0,0,0,5,4,4,4,4,6,7,9,6,8,8,9,13,17,17,19,21,23,23,23,23,23,24,27,27,27,27,27,26,26,26,27,28,29,30,30,30,30,30,30,30,30,30,30,30,30,30,30,30,30,30,31,31,32,32,33,32,32,33,33,34,31,31,32,31,32,32,32,32,32,33,34,34,34,34,35,35,36,36,36,38,38,39,40,40,40,40,41,41,41,46,47,46,46,47,49,49,50,49,51,52,52,52,52,54,55,56,59,60,60,63,66,69,70,71,75,77,79,79,81,84,88,91,91,90,89,89,91,90,91,92,93,93,93,94,94,94
0,0,0,0,0,1,2,2,2,2,2,1,1,4,5,6,8,10,11,15,20,23,27,29,29,30,32,32,33,33,34,34,35,37,38,40,42,44,45,47,47,48,48,49,50,50,52,55,56,57,60,60,63,64,67,69,69,74,78,82,82,83,86,88,91,91,98,100,104,107,108,114,116,118,120,124,125,129,129,130,132,135,136,138,138,141,144,149,151,153,153,157,160,162,164,166,170,179,186,193,196,199,199,207,210,219,224,230,237,252,260,273,278,285,291,300,308,321,330,337,348,356,356,357,361,367,371,374,384,388,390,396,401,406,414,415,416,419,420,425
0,0,0,0,0,0,0,0,0,0,1,3,4,8,10,14,18,20,19,21,24,27,28,30,30,35,36,36,37,37,38,38,42,44,44,48,54,58,60,66,68,70,72,75,86,86,96,101,104,106,110,111,115,116,117,118,122,131,136,141,141,151,153,156,158,158,160,165,169,172,173,180,181,184,188,193,200,201,204,205,207,210,212,213,215,219,220,221,226,230,231,231,235,236,241,244,252,255,258,261,265,266,269,272,272,280,287,289,296,312,318,324,326,335,342,353,359,362,368,377,384,385,396,407,411,416,428,429,447,451,457,461,476,484,487,498,500,501,503,508
0,0,0,0,0,0,0,0,0,0,0,1,1,1,5,6,8,9,10,10,10,11,11,11,11,11,11,11,11,12,12,12,12,12,12,13,15,15,16,16,16,16,16,16,17,17,18,18,18,18,18,18,18,18,18,18,18,18,18,19,19,19,19,19,19,19,19,20,20,20,20,20,20,21,21,22,22,22,22,22,22,22,22,22,22,22,22,22,22,22,22,22,23,25,25,28,29,29,30,30,30,30,30,30,30,30,30,31,33,37,37,38,38,38,39,40,41,41,41,43,45,45,45,45,45,45,45,46,46,46,46,46,46,46,46,47,48,48,48,49
0,0,0,0,0,0,0,0,0,0,0,0,0,0,0,1,1,1,1,1,1,1,1,1,1,1,1,1,1,1,1,1,1,1,1,1,1,1,5,7,8,9,9,9,9,9,9,9,9,9,9,9,10,10,10,10,10,10,12,13,13,14,14,14,15,15,15,16,17,16,18,20,21,21,21,23,24,25,25,26,26,26,26,26,26,29,29,29,29,29,29,28,28,29,29,30,30,30,32,32,32,33,34,36,37,38,40,40,42,43,47,47,47,48,49,50,51,54,55,60,60,61,65,66,67,68,68,70,72,73,75,76,80,82,82,83,84,85,85,86
0,0,0,0,0,0,0,0,0,0,0,1,1,1,1,2,3,3,4,3,5,6,6,8,8,10,10,12,12,13,13,13,14,15,15,16,19,21,21,22,22,22,22,22,24,24,24,24,24,24,27,27,27,28,29,29,29,30,30,30,30,30,31,32,32,32,33,33,34,35,35,36,38,38,40,42,45,45,49,54,56,58,58,59,59,60,66,67,68,70,72,72,71,71,72,77,81,83,85,87,88,91,95,96,98,103,106,108,113,132,136,142,146,148,155,164,166,174,180,189,192,199,204,206,208,211,214,215,219,226,231,236,239,243,248,249,250,253,253,261
0,0,0,0,0,0,0,0,0,0,0,0,0,0,1,1,1,0,0,0,0,0,0,0,0,1,1,1,1,1,1,5,5,5,6,7,9,10,10,10,10,10,10,11,11,11,13,13,13,13,12,14,14,15,17,19,19,21,22,22,22,22,22,23,29,29,41,42,43,46,46,57,58,58,71,75,76,80,79,81,84,85,86,91,91,95,99,112,119,121,124,124,132,139,142,142,146,151,158,168,170,174,178,183,185,189,198,203,208,230,242,249,252,258,265,270,280,290,299,313,320,324,327,341,345,355,360,364,372,372,376,379,392,396,396,408,412,414,418,424
0,0,0,0,0,0,0,1,1,2,5,7,9,11,13,16,19,24,26,31,34,36,38,44,44,54,61,64,65,70,72,79,83,85,91,115,126,140,156,167,173,175,183,190,197,197,211,216,218,224,242,254,260,266,275,280,287,295,313,321,321,352,358,365,387,387,419,428,443,461,479,502,512,528,554,590,610,634,652,676,701,725,748,775,796,816,838,863,894,919,935,954,980,1009,1026,1045,1086,1119,1167,1205,1219,1250,1281,1316,1378,1424,1455,1490,1516,1650,1711,1740,1758,1832,1874,1937,1976,2049,2073,2153,2201,2248,2292,2335,2380,2429,2454,2482,2558,2579,2603,2665,2740,2789,2826,2879,2896,2929,2954,2983
0,0,0,1,1,1,1,1,3,3,4,3,3,6,8,7,9,11,11,14,18,22,24,28,28,35,38,43,46,51,54,55,57,57,58,63,66,71,77,80,82,84,86,86,90,90,95,95,101,101,101,101,104,105,107,108,108,112,115,117,117,122,127,128,131,131,136,137,141,142,144,154,154,156,162,168,178,181,183,189,196,203,206,213,218,218,224,231,237,244,248,256,263,271,273,277,289,297,311,326,333,343,357,365,391,409,433,440,456,526,542,560,566,593,610,643,666,686,700,723,736,750,761,787,805,822,837,846,858,869,881,898,917,936,951,963,972,974,983,998
0,0,0,0,0,0,0,0,0,0,0,1,1,1,1,1,8,9,10,12,15,16,18,19,19,20,21,21,21,23,24,25,26,27,27,30,40,49,54,54,55,60,60,63,67,67,74,78,80,80,83,91,93,96,98,98,98,99,109,112,112,115,116,118,127,127,147,153,158,165,168,200,201,202,219,252,255,261,265,267,275,286,291,296,299,303,311,318,334,343,344,350,357,362,368,368,379,393,403,408,410,417,420,427,436,444,460,463,473,512,522,534,545,551,566,577,588,605,613,640,655,667,678,695,705,723,734,740,751,754,761,769,786,796,815,824,829,837,842,847
2,2,2,3,4,4,4,5,7,6,8,6,7,9,14,15,17,19,20,23,26,27,29,29,29,31,31,31,32,34,34,36,36,37,38,40,44,45,49,53,56,58,58,58,60,60,66,67,67,68,85,88,90,93,94,116,118,118,121,121,121,127,128,128,129,129,134,135,135,136,137,137,138,144,147,150,159,161,161,161,161,162,162,164,164,163,164,166,168,172,175,175,176,176,179,181,187,186,188,189,191,191,193,197,203,205,210,214,218,230,232,234,237,242,245,247,248,261,266,272,275,278,284,287,293,299,301,303,306,307,309,311,313,318,318,325,325,326,326,330
0,0,0,0,0,0,0,0,0,0,0,0,0,0,1,1,1,1,1,1,1,5,5,5,5,5,5,5,5,5,5,5,5,6,6,6,6,6,6,6,6,7,7,7,7,7,7,8,8,8,10,10,10,10,10,10,10,11,11,11,11,12,12,12,12,12,12,12,12,12,12,13,14,15,16,16,16,16,16,16,16,16,16,16,16,16,16,18,18,18,18,18,18,19,19,19,19,20,21,23,23,23,25,25,27,28,29,29,29,32,34,34,35,35,36,37,37,36,36,36,36,36,37,39,42,43,45,45,45,46,46,49,49,49,49,49,49,49,50,51
0,0,0,0,0,2,2,2,3,5,9,9,10,12,14,16,17,20,22,25,27,27,29,29,29,31,32,32,33,36,36,36,36,38,38,40,43,43,44,44,45,46,46,46,47,47,50,51,52,53,56,58,58,58,58,58,58,58,59,61,61,62,62,63,63,63,65,66,67,68,69,69,72,74,77,79,80,81,82,84,84,84,84,88,88,88,88,89,93,96,96,96,96,97,98,98,102,103,104,105,107,107,112,115,119,128,134,136,140,148,151,157,160,166,169,176,186,189,192,198,201,202,203,209,214,220,225,229,232,232,235,238,244,248,249,254,257,258,260,265
0,0,0,0,0,0,0,0,0,0,0,0,0,0,0,0,0,0,0,0,0,1,1,1,1,1,1,1,1,1,1,1,1,1,1,1,1,1,1,1,2,2,2,2,3,3,3,3,3,3,3,4,4,4,4,4,4,4,5,5,5,5,5,5,5,5,5,5,5,5,6,6,6,6,6,6,6,6,6,6,6,6,6,6,6,6,6,6,6,6,6,6,6,6,6,6,7,7,7,7,7,7,7,7,8,8,8,8,8,9,9,9,9,9,9,9,9,11,11,12,12,12,13,14,16,18,20,21,21,21,21,22,23,24,24,25,25,25,26,29
2,2,2,2,2,2,2,2,2,2,2,2,2,3,3,3,6,7,8,11,12,13,14,14,14,18,19,20,20,22,22,21,22,22,23,24,25,28,31,32,33,33,34,34,34,34,34,34,35,36,37,38,39,41,42,44,44,44,45,46,46,47,49,49,50,50,54,55,55,56,56,57,58,60,63,64,64,68,70,72,75,76,78,79,80,81,83,84,87,87,88,89,92,94,94,97,102,108,115,115,115,121,127,132,146,154,166,179,181,208,217,224,232,243,252,263,272,284,289,303,311,320,327,332,337,341,341,341,349,353,355,364,368,374,379,385,389,390,394,404
0,0,0,0,0,0,0,0,1,5,10,12,18,19,25,31,37,43,47,52,68,71,79,84,84,94,100,101,102,106,111,114,118,124,126,137,147,155,170,179,182,187,193,195,211,211,224,233,235,236,244,253,264,271,279,289,294,306,331,347,347,398,405,437,449,449,483,498,519,531,548,578,590,605,679,727,736,745,766,788,808,829,853,868,877,900,923,949,993,1027,1035,1050,1068,1103,1132,1147,1182,1214,1273,1308,1332,1356,1385,1421,1481,1529,1608,1637,1678,1842,1952,2014,2038,2090,2140,2202,2260,2349,2378,2474,2516,2555,2595,2653,2685,2720,2748,2778,2807,2828,2843,2876,2932,2955,2977,3022,3038,3057,3071,3110
0,0,0,0,1,1,1,2,3,6,7,8,9,10,11,14,15,15,17,18,19,21,20,23,23,24,26,27,27,27,27,27,28,31,31,34,36,41,49,49,49,51,57,57,63,63,68,71,73,74,78,80,82,84,85,87,88,90,95,95,95,96,97,97,104,104,115,118,122,125,127,132,135,137,147,152,151,153,158,158,161,163,167,172,172,175,176,188,191,197,199,201,204,214,214,215,221,224,231,236,240,252,254,261,272,289,303,314,317,342,361,363,369,374,385,394,403,420,429,447,459,462,471,481,490,498,504,506,514,517,524,526,534,540,543,550,550,554,560,566
0,0,0,0,0,0,0,1,1,1,2,1,1,1,1,1,1,1,1,1,1,1,1,1,1,8,10,10,13,15,15,17,20,26,30,32,37,45,45,46,47,47,48,52,62,62,67,72,76,77,79,81,81,84,85,85,85,91,94,95,95,95,95,95,96,96,100,103,105,107,108,111,113,116,118,125,126,129,129,130,132,135,136,138,138,138,139,140,144,145,148,151,154,154,154,154,156,159,163,169,170,175,177,179,186,192,196,199,204,220,229,234,235,241,251,252,259,268,270,274,276,282,287,311,316,320,322,329,335,337,343,349,359,360,363,366,368,370,375,382
0,1,1,1,1,1,1,2,2,2,3,4,8,8,8,10,11,13,14,18,21,22,25,29,29,34,34,35,36,44,46,48,52,53,52,58,63,68,71,74,76,80,80,82,84,84,91,93,95,97,100,105,106,108,117,120,122,129,139,140,140,141,142,141,142,142,150,151,159,163,165,169,170,172,177,181,181,184,184,185,190,193,193,200,203,205,205,213,218,219,222,224,225,234,240,242,252,255,275,280,285,290,297,305,309,313,317,323,332,349,363,368,373,377,383,390,395,400,402,411,412,415,419,422,425,434,435,437,444,449,454,458,461,468,474,481,481,485,488,497
0,0,0,0,0,0,1,1,1,1,2,3,5,6,10,13,12,12,14,16,16,18,18,23,23,37,42,45,48,52,54,54,58,64,69,72,80,91,98,100,105,111,113,118,122,122,128,132,133,136,143,145,156,162,163,164,164,172,175,177,177,187,189,190,191,191,197,205,208,208,212,214,218,221,225,227,227,228,230,233,236,237,238,244,244,245,246,253,254,255,255,255,256,263,266,267,272,273,290,294,299,303,310,310,311,321,330,337,346,367,375,379,380,382,386,391,393,399,403,410,412,413,422,428,432,435,436,442,448,452,457,460,473,482,489,494,499,502,502,506
0,0,0,0,0,0,0,0,0,0,0,0,0,0,0,1,1,1,1,1,1,1,1,1,1,1,1,1,1,1,1,5,6,6,6,7,6,6,6,6,7,7,7,7,7,7,8,8,8,8,8,8,9,9,9,9,9,9,9,10,10,10,10,10,10,10,11,13,13,13,14,15,16,16,16,16,16,16,16,17,18,18,19,22,22,22,22,23,23,23,23,23,24,24,25,26,27,27,27,29,29,29,30,31,31,32,34,35,37,42,46,47,48,52,53,55,57,59,61,61,63,66,68,68,70,73,73,73,73,73,73,73,73,74,75,76,76,76,76,76
0,0,0,1,1,1,2,2,3,3,4,6,8,9,11,14,16,23,28,40,44,51,56,64,64,75,86,91,95,102,108,116,121,127,132,166,202,227,271,297,307,308,328,342,357,357,390,398,404,408,428,433,439,454,474,476,480,491,517,530,530,552,558,564,598,598,659,680,712,731,754,834,843,865,968,1063,1079,1098,1117,1136,1191,1240,1287,1313,1338,1368,1413,1489,1566,1617,1657,1679,1741,1819,1831,1866,1927,1971,2069,2122,2144,2193,2237,2295,2370,2447,2507,2542,2604,2799,2890,2934,2962,3018,3089,3163,3225,3327,3388,3506,3568,3633,3689,3790,3845,3943,3966,4018,4113,4148,4206,4282,4381,4450,4533,4621,4652,4690,4731,4786
0,0,0,0,0,0,0,0,0,0,0,0,0,0,0,0,0,0,0,0,0,0,0,0,0,0,0,0,0,0,0,0,0,0,0,0,0,0,0,0,0,0,0,0,0,0,0,0,0,0,0,0,0,0,0,0,0,0,1,1,1,1,3,3,3,3,3,3,3,3,3,3,3,3,4,4,4,4,4,4,4,4,4,4,4,4,4,4,4,4,4,4,4,4,4,4,4,4,4,4,4,4,4,4,4,4,5,5,6,9,11,11,11,13,19,19,19,19,18,21,21,22,22,22,26,26,27,27,42,42,42,42,44,47,49,51,51,51,53,53
0,0,0,1,1,1,1,2,2,4,7,1,1,1,5,5,6,6,8,8,9,9,9,9,9,10,10,9,9,9,9,10,10,11,11,13,13,14,16,17,17,17,17,17,17,17,18,19,20,20,23,26,26,27,27,27,29,33,34,34,34,40,40,40,41,41,41,41,41,41,42,43,43,44,45,48,49,49,50,50,50,50,52,54,54,55,56,63,63,64,64,64,64,67,68,68,68,69,74,76,77,78,80,82,82,82,84,86,86,89,91,93,94,95,96,97,98,108,112,113,114,118,121,128,132,132,133,141,147,147,147,147,155,158,160,161,163,167,168,171
0,0,0,0,0,0,0,0,0,0,0,0,0,0,1,4,6,7,10,12,18,21,22,23,23,26,28,28,28,30,34,38,47,50,52,61,72,96,107,114,120,122,129,133,148,148,160,166,175,177,197,202,209,216,227,230,240,248,273,289,289,319,323,326,341,341,371,383,402,411,426,456,465,492,516,536,556,568,580,599,650,663,688,710,734,756,776,812,846,903,932,938,969,1011,1024,1043,1092,1130,1204,1261,1282,1327,1347,1386,1430,1464,1520,1555,1605,1794,1860,1909,1939,1977,2022,2095,2148,2244,2296,2368,2411,2458,2515,2578,2618,2675,2691,2730,2796,2825,2853,2914,2998,3059,3101,3146,3164,3187,3225,3288
0,0,0,0,1,2,1,1,2,2,2,1,1,1,1,1,1,1,5,6,7,7,8,8,8,10,11,11,11,11,12,12,12,14,14,20,21,24,25,25,27,27,27,27,27,27,27,27,28,28,29,30,30,30,30,30,30,30,30,30,30,31,32,32,32,32,32,32,32,32,32,31,32,34,34,34,35,35,36,36,37,37,37,37,37,37,37,38,38,38,39,38,39,41,41,41,42,42,42,44,44,47,48,49,51,51,54,57,57,66,69,70,70,72,72,75,76,79,82,84,86,86,87,87,89,92,94,94,94,95,95,97,97,97,97,97,98,98,97,97
0,0,0,0,0,0,0,0,0,0,0,0,1,3,3,3,4,9,12,16,18,20,22,24,24,35,35,35,37,40,44,46,46,51,51,56,60,70,74,75,78,78,87,88,92,92,96,98,100,101,109,111,112,115,120,122,124,124,124,127,127,131,135,137,138,138,144,145,147,146,147,154,156,160,166,169,175,179,186,188,194,201,207,217,222,224,230,240,251,266,270,278,284,306,309,315,324,334,358,377,381,385,398,403,409,424,434,440,455,490,515,518,528,534,550,567,573,593,599,639,648,665,677,700,707,723,730,737,752,759,780,786,817,830,841,856,865,878,882,902
0,0,0,0,0,0,0,0,0,0,0,0,0,0,0,0,0,0,0,0,0,0,0,0,0,0,0,0,0,0,0,0,0,0,0,0,0,0,0,0,0,0,1,1,1,1,1,1,1,1,1,1,1,1,1,1,1,1,3,3,3,3,3,3,3,3,3,3,3,3,3,3,3,3,3,3,3,3,3,3,3,3,3,3,3,3,3,3,4,4,4,3,3,3,3,4,4,4,4,4,4,4,4,4,4,4,4,4,4,4,4,5,5,5,5,5,5,5,5,5,5,5,5,5,5,5,5,5,5,5,5,5,5,5,5,5,5,5,5,5
0,0,0,0,0,0,0,0,0,0,0,1,1,1,1,1,1,1,1,1,1,1,1,6,6,8,8,8,8,9,10,9,10,10,10,12,14,16,16,18,18,18,18,19,21,21,24,24,24,24,26,26,26,26,27,27,29,32,34,35,35,37,38,38,40,40,42,43,45,45,45,50,54,55,56,57,61,63,63,63,63,62,65,66,66,67,68,72,74,74,74,73,75,79,81,85,86,87,98,100,102,104,106,108,110,113,119,119,119,124,128,130,131,133,138,141,143,146,147,150,153,156,156,156,158,158,158,159,164,167,169,169,172,173,175,180,181,189,190,197
3,5,6,6,8,10,10,10,12,13,21,23,26,27,29,30,32,33,35,39,39,41,41,44,44,49,49,51,52,53,56,56,59,60,60,63,73,73,73,76,76,75,78,80,81,81,84,85,87,88,93,93,96,97,101,101,101,102,106,108,108,111,112,115,114,114,115,116,116,116,117,120,120,124,125,129,130,130,133,136,139,143,143,144,146,150,151,151,155,156,157,157,158,158,160,161,167,170,170,172,175,177,188,192,198,208,214,216,221,244,253,254,255,262,264,269,275,285,287,302,310,327,333,338,343,348,353,355,359,362,364,368,377,383,388,390,390,396,399,405
0,0,0,0,0,0,0,1,1,1,2,2,4,4,4,7,8,13,17,22,28,32,35,36,36,43,46,47,49,52,56,58,63,66,69,73,83,86,96,103,105,109,118,124,130,130,137,138,140,142,147,151,154,157,161,163,167,175,188,191,191,198,201,203,206,206,212,214,218,221,228,238,239,240,248,257,267,275,279,283,286,286,292,306,310,314,323,331,333,337,342,345,352,363,372,378,387,390,407,415,420,432,437,444,461,479,495,504,519,549,574,584,590,605,613,633,650,676,689,724,739,754,768,787,806,827,835,841,856,866,877,893,913,925,936,945,952,959,970,987
0,0,0,0,0,0,0,1,1,4,7,0,0,0,0,0,0,0,0,0,0,0,0,0,0,0,0,0,0,0,0,0,0,0,0,0,0,0,0,0,0,0,0,0,0,0,0,0,0,0,0,0,0,0,0,0,0,0,0,0,0,0,0,0,0,0,0,0,0,0,0,0,0,0,0,0,0,0,0,0,0,0,0,0,0,0,0,0,0,0,0,0,0,0,0,0,0,0,0,0,0,0,0,0,0,0,0,0,0,0,0,0,0,0,0,0,0,0,0,0,0,0,0,0,0,0,0,0,0,0,0,0,0,0,0,0,0,0,0,0
0,0,0,0,0,0,0,0,0,0,0,3,6,6,7,12,14,18,20,22,28,29,33,36,36,42,45,45,47,51,52,52,52,56,56,63,74,86,89,98,101,104,109,122,132,132,140,140,145,149,165,172,174,177,187,191,191,200,220,225,225,250,257,263,271,271,281,289,304,315,324,346,355,371,390,413,427,434,449,460,473,488,501,521,532,545,554,574,593,610,615,628,653,669,680,695,720,734,764,781,796,810,831,850,872,903,935,952,973,1024,1060,1084,1099,1130,1147,1171,1203,1233,1250,1296,1320,1349,1376,1411,1435,1470,1497,1512,1565,1575,1588,1610,1660,1685,1708,1729,1739,1756,1766,1789
1,1,1,1,1,1,1,1,1,1,4,5,6,6,7,12,14,17,20,23,30,30,37,42,42,53,63,74,74,80,82,86,93,96,102,107,121,126,128,130,134,135,140,142,157,157,158,160,165,165,171,177,177,177,185,185,185,191,197,202,202,206,207,207,209,209,220,226,231,234,246,249,253,257,256,266,275,279,289,291,298,304,312,313,316,320,330,337,339,347,351,359,363,373,375,384,399,408,419,433,445,459,468,480,495,502,513,520,524,567,583,591,598,608,624,641,645,660,666,688,698,711,724,728,734,745,754,760,773,786,795,808,830,842,851,865,867,880,891,899
0,0,0,0,0,0,0,0,0,0,2,4,7,7,8,11,16,18,22,28,30,33,39,44,44,52,54,56,57,63,66,67,67,72,72,80,87,92,92,94,96,99,100,102,104,104,108,111,112,113,121,121,125,131,137,138,139,140,144,146,146,152,152,153,160,160,169,169,168,170,173,178,179,181,181,187,186,187,189,191,192,195,196,197,199,201,205,209,211,218,221,230,236,240,241,248,255,255,265,271,273,278,282,286,292,296,303,306,311,317,331,331,334,335,341,347,355,361,365,373,377,381,387,406,410,423,429,435,447,450,458,461,478,487,499,507,509,512,517,522
2,3,4,4,4,5,6,9,10,12,23,29,36,46,62,76,86,93,103,118,129,142,154,166,166,218,233,248,255,269,278,288,310,326,332,339,369,389,419,462,469,481,488,502,530,530,588,610,612,634,651,669,687,697,717,724,738,768,785,802,802,833,852,853,856,856,876,886,897,914,924,943,952,960,965,974,980,985,990,995,1031,1040,1043,1059,1065,1071,1076,1093,1101,1117,1131,1133,1170,1197,1209,1219,1232,1247,1283,1299,1312,1330,1342,1353,1375,1408,1432,1455,1473,1555,1593,1617,1638,1657,1701,1734,1748,1797,1821,1880,1897,1925,1951,1982,2001,2060,2081,2105,2148,2159,2183,2223,2281,2322,2353,2377,2397,2412,2437,2466
1,0,0,0,0,0,1,1,1,2,2,4,4,6,6,7,7,7,10,11,14,16,17,17,17,18,21,21,21,23,26,27,29,29,31,33,35,37,38,38,39,39,39,42,44,44,46,46,46,48,51,57,63,64,65,70,71,76,79,82,82,89,92,94,95,95,109,121,126,128,130,133,138,139,143,148,148,149,150,158,161,162,164,169,170,172,176,179,179,185,188,195,196,203,216,222,232,239,247,259,262,270,275,283,293,311,337,341,351,444,466,480,490,507,528,548,577,655,671,696,713,725,751,763,784,797,811,828,842,850,859,874,884,899,921,930,950,954,967,996
3,3,3,4,4,4,4,5,5,7,8,8,8,8,9,10,14,19,21,22,27,29,36,40,40,42,44,46,47,49,53,57,58,59,61,69,81,88,93,99,100,104,106,108,112,112,118,123,126,129,134,137,145,149,160,164,172,178,183,198,198,217,220,226,228,228,237,245,261,273,276,294,299,312,317,322,334,338,344,353,380,383,384,393,395,399,400,406,432,438,443,444,447,457,460,465,472,480,486,493,496,501,504,513,524,532,536,540,545,561,573,584,589,592,600,611,620,641,654,669,683,694,705,715,724,733,745,755,773,779,787,793,815,821,825,838,844,854,858,871
0,0,0,0,0,0,0,0,0,0,0,1,1,1,1,7,8,8,9,10,10,10,12,11,11,14,14,14,14,16,18,19,21,23,23,30,32,36,42,49,49,49,49,50,52,52,62,63,70,71,81,83,86,87,88,89,91,94,98,103,103,109,114,117,120,120,128,132,133,137,141,150,152,157,166,171,176,188,193,198,199,203,206,209,214,216,224,230,240,243,245,254,257,264,267,271,279,287,297,305,311,317,320,325,325,336,347,354,360,384,401,411,419,427,439,446,454,483,492,513,519,527,537,552,563,575,579,587,615,623,628,638,664,676,688,698,708,715,720,730
0,0,0,0,0,0,0,0,0,0,2,2,2,2,2,5,8,12,12,13,17,19,22,23,23,27,28,30,30,33,34,34,33,34,35,38,40,43,44,45,45,46,47,49,49,49,51,53,54,56,57,59,62,64,70,70,70,73,78,79,79,84,86,87,93,93,104,110,113,116,122,126,131,134,139,146,148,154,157,159,168,171,174,180,180,186,190,193,199,209,216,221,226,231,234,241,251,253,268,275,277,289,299,307,324,337,353,363,374,433,455,468,476,484,496,519,529,546,562,579,588,601,607,615,624,639,644,655,661,676,676,692,706,715,721,738,741,746,750,757
0,0,0,2,2,4,5,6,7,8,10,14,17,18,26,30,33,34,33,37,38,39,45,45,45,45,46,46,47,50,49,51,52,54,54,58,61,60,60,60,60,61,61,62,63,63,65,66,66,67,67,67,68,70,70,70,71,72,72,72,72,71,71,71,73,73,75,76,75,75,76,76,78,79,79,80,80,81,82,82,83,83,84,85,85,87,91,94,95,96,96,98,98,99,99,99,103,103,105,108,109,110,114,120,122,127,127,130,135,143,145,145,146,145,145,146,148,150,150,153,154,155,156,158,158,160,159,162,165,167,167,167,168,170,172,173,173,174,174,175
0,0,0,0,0,0,0,0,0,0,1,1,1,2,4,5,7,8,15,18,19,20,21,21,21,23,23,24,24,24,25,25,25,26,26,31,32,33,37,39,39,39,42,42,45,45,49,50,50,50,53,55,57,57,57,57,57,57,58,63,63,64,64,65,68,68,70,72,77,80,81,87,89,93,96,100,101,103,106,112,113,113,121,126,128,129,134,138,141,144,144,143,145,146,154,157,159,161,166,170,173,175,182,183,190,193,200,201,205,224,229,235,239,244,256,269,275,285,288,296,299,306,312,315,325,332,334,336,339,340,340,341,343,350,355,361,362,362,368,372
0,0,0,0,0,0,0,0,1,2,3,4,4,4,6,9,9,11,13,15,18,21,23,26,26,30,31,32,32,32,34,34,35,39,39,43,48,49,52,53,55,56,57,59,68,68,72,73,73,73,77,78,80,81,84,84,84,87,90,97,97,100,100,104,107,107,111,111,113,116,120,127,128,131,139,148,149,153,154,159,163,165,168,171,177,178,179,183,184,189,192,198,204,211,214,219,229,238,247,256,261,267,272,277,290,293,301,311,322,354,372,385,390,397,411,423,430,456,462,486,491,503,515,526,538,558,562,569,579,581,595,601,622,635,648,664,668,680,694,706
0,0,0,0,0,0,0,0,1,1,2,1,1,1,1,1,5,6,8,9,9,9,10,12,12,16,18,21,21,20,24,25,25,29,29,31,32,37,42,43,45,47,50,54,56,56,59,61,64,64,67,70,72,73,79,83,84,88,91,92,92,95,95,98,100,100,107,114,118,119,124,126,129,130,134,136,136,138,140,143,150,152,153,160,162,166,171,172,173,176,176,176,180,183,184,186,189,191,193,198,202,204,206,209,215,223,231,235,238,257,270,276,278,285,290,298,302,315,317,331,336,345,352,358,366,371,374,376,379,380,387,389,397,406,415,425,426,434,439,446
0,0,0,0,0,0,0,0,0,0,0,1,2,2,3,4,4,5,8,12,16,19,18,22,22,24,25,25,27,28,31,31,37,41,42,50,60,69,85,95,99,102,109,112,118,118,130,133,136,136,153,163,169,170,171,174,178,186,190,195,195,200,205,213,220,220,238,245,252,259,262,271,278,293,299,306,318,324,338,350,356,361,370,383,390,395,400,418,426,441,443,448,456,470,476,485,498,501,514,524,528,538,547,558,563,583,593,604,620,662,687,703,719,744,760,780,797,828,843,882,900,911,930,947,960,980,992,1007,1040,1048,1068,1076,1110,1130,1155,1188,1204,1217,1232,1248
0,0,0,0,0,0,0,0,0,0,0,1,1,1,1,1,1,1,1,1,1,1,1,1,1,1,1,1,1,1,1,1,1,6,6,6,8,9,10,9,9,9,9,9,9,9,10,10,10,10,11,11,11,11,11,11,12,16,16,16,16,22,23,23,25,25,31,33,35,36,43,48,48,50,57,64,69,74,75,78,79,84,89,95,96,99,100,103,109,113,114,115,120,128,129,130,131,139,142,152,154,161,162,166,169,174,180,183,186,208,213,218,223,231,244,245,253,263,271,282,288,294,297,306,311,320,322,326,332,337,340,352,361,364,367,369,373,380,382,388
0,0,0,1,2,2,2,3,6,8,9,7,11,11,13,19,22,26,30,32,39,44,49,55,55,64,68,70,74,79,87,90,89,92,94,106,134,140,144,150,154,155,160,161,178,178,194,201,204,205,218,232,235,240,253,254,256,261,273,283,283,299,305,310,317,317,341,341,355,356,363,369,376,383,389,398,403,407,417,424,429,436,439,450,456,459,476,503,510,523,531,538,552,561,570,578,596,608,621,633,639,650,662,681,706,720,735,743,749,830,853,876,890,897,920,940,961,979,1002,1047,1076,1098,1119,1144,1160,1185,1202,1209,1240,1251,1276,1305,1328,1354,1379,1403,1415,1431,1440,1462
0,0,0,0,0,0,0,0,0,0,0,1,1,6,7,9,12,15,17,17,17,18,18,18,18,17,17,17,17,17,17,17,18,19,19,21,22,22,22,23,23,23,23,23,23,23,23,23,24,24,24,25,25,25,25,25,25,25,25,25,25,26,26,26,27,27,28,28,28,28,28,29,29,29,29,29,29,29,30,32,35,36,35,35,35,36,36,38,41,42,45,42,45,47,48,49,53,56,56,61,62,63,63,69,72,74,77,77,79,91,97,99,102,107,113,117,120,122,124,127,132,133,134,134,135,138,139,141,143,142,142,144,145,146,146,147,148,151,152,152
0,0,0,0,0,0,0,0,0,0,0,0,0,0,0,0,0,0,0,0,0,0,0,0,0,0,0,0,0,0,0,0,0,0,0,0,0,0,0,0,0,0,0,0,0,0,0,0,0,0,0,0,0,0,1,1,1,1,1,1,1,1,1,1,1,1,1,1,1,1,1,1,1,1,1,1,3,3,3,3,3,3,3,3,3,3,3,3,3,3,3,3,3,3,3,3,4,4,4,4,4,4,4,4,4,4,4,4,4,5,5,5,5,5,5,5,5,5,5,5,5,5,5,5,5,5,5,5,5,5,5,5,5,5,5,5,5,5,6,6
0,0,0,0,0,0,0,0,1,2,3,5,6,8,9,9,9,10,11,15,19,21,22,24,24,27,31,32,35,39,40,41,44,46,47,51,52,59,62,67,69,69,75,78,85,85,96,95,95,96,99,104,106,108,108,109,110,120,128,132,132,139,142,145,150,150,155,159,163,163,169,185,188,194,198,204,209,212,212,216,223,228,229,244,259,266,276,298,301,316,336,338,345,356,357,363,372,374,391,399,402,410,428,443,451,464,469,474,483,505,517,521,532,537,545,561,570,581,608,615,633,650,667,686,693,696,701,709,719,722,735,744,764,784,793,806,812,820,828,851
0,0,5,5,7,12,12,14,19,23,27,30,38,44,49,61,67,71,73,84,96,100,104,109,109,110,114,115,117,121,124,125,126,130,131,146,157,166,169,174,176,175,179,182,186,186,193,196,198,199,201,202,206,212,213,214,214,220,224,228,228,230,231,231,236,236,248,248,251,252,255,260,264,268,272,276,281,281,285,287,290,294,295,302,304,304,307,315,320,329,334,340,342,362,365,369,374,378,395,403,405,412,415,428,442,452,469,477,490,526,543,559,562,570,583,606,619,635,644,679,692,704,711,721,738,750,757,773,793,804,815,824,841,850,857,866,871,882,889,894
0,0,2,2,2,2,5,7,8,8,17,19,23,24,26,29,32,34,36,37,39,39,42,43,43,46,46,46,46,46,46,47,48,48,50,52,53,55,56,56,56,56,57,57,58,58,59,63,64,64,65,66,67,68,69,70,71,73,74,74,74,76,76,76,78,78,77,77,77,77,78,80,81,81,82,85,85,85,85,86,86,87,87,87,87,87,88,90,90,91,91,90,90,98,98,99,100,100,101,104,104,105,110,111,116,116,123,124,126,138,144,148,150,152,156,160,162,168,174,182,184,186,188,191,194,196,197,200,206,207,211,213,216,219,219,223,225,226,229,230
0,0,0,0,0,0,0,0,0,0,0,0,2,2,4,11,13,15,16,20,26,29,33,36,36,39,41,42,43,44,44,46,52,56,58,78,87,95,106,114,119,122,130,132,136,136,154,158,164,165,175,180,182,196,200,202,206,217,231,238,238,261,264,267,284,284,330,340,352,367,378,433,445,448,483,518,532,534,537,555,575,598,611,624,633,653,674,704,732,755,767,783,799,831,843,858,892,923,963,994,1006,1032,1054,1073,1105,1141,1175,1196,1234,1331,1378,1403,1415,1445,1475,1505,1528,1570,1598,1639,1664,1686,1716,1745,1769,1806,1815,1838,1881,1889,1917,1943,1997,2034,2057,2087,2103,2128,2141,2175
0,0,0,0,0,0,0,1,1,1,1,2,2,4,6,7,8,10,10,11,14,14,14,15,15,16,15,15,16,17,22,25,27,29,31,33,37,39,41,46,47,47,53,56,59,59,69,71,72,74,83,86,88,89,91,93,95,95,99,102,102,109,112,112,116,116,123,127,129,130,131,131,137,141,145,148,156,157,163,168,175,176,177,179,180,180,181,185,188,190,193,194,202,206,210,212,215,223,224,230,233,239,246,250,256,266,275,282,288,312,325,337,345,357,369,382,388,410,411,438,448,461,469,480,485,496,507,517,527,528,533,543,556,562,570,577,579,586,591,603
0,0,0,0,0,0,0,0,0,0,0,0,0,0,0,0,0,0,0,0,1,1,1,1,1,1,1,1,1,1,1,1,1,1,1,1,1,1,1,1,1,1,1,1,1,1,1,1,1,1,1,3,4,7,7,7,10,11,11,11,11,10,10,10,10,10,11,12,10,10,10,10,10,10,10,10,11,11,12,11,12,12,12,12,12,11,11,12,12,12,12,12,12,12,12,12,13,13,13,13,13,13,13,14,14,14,13,13,13,14,14,15,15,16,16,16,16,20,21,21,18,19,20,20,20,20,20,20,20,20,21,22,22,24,24,23,25,25,26,27
2,1,1,2,2,2,3,3,5,5,12,12,14,20,26,31,37,44,55,62,69,78,85,92,92,105,112,116,121,127,132,137,145,152,157,177,215,228,245,260,267,270,285,290,311,311,335,341,348,356,378,390,408,413,415,417,420,432,449,453,453,472,480,487,495,495,517,525,529,534,543,553,560,568,583,591,601,614,643,652,657,667,686,697,703,707,721,727,738,746,753,763,770,785,790,801,820,839,865,887,906,916,939,961,982,1010,1040,1060,1075,1149,1184,1207,1230,1247,1269,1305,1358,1409,1432,1488,1526,1559,1586,1628,1654,1700,1717,1739,1780,1791,1823,1857,1916,1947,1975,2009,2018,2039,2068,2107
0,0,0,0,0,0,0,0,0,0,0,0,0,0,0,0,0,0,0,0,0,0,0,0,0,0,0,0,0,0,0,0,0,1,1,1,1,1,1,1,2,2,2,2,2,2,2,2,2,2,2,2,2,2,2,3,3,3,4,4,4,4,4,4,4,4,4,4,4,4,4,4,4,4,4,4,4,4,4,4,4,4,4,5,5,5,5,5,5,5,5,5,5,5,5,5,6,7,9,11,11,11,11,11,11,12,13,14,16,22,22,24,26,26,28,30,32,33,34,36,39,39,42,42,43,45,45,45,47,47,47,48,49,51,53,54,54,54,54,54
0,0,0,0,0,0,0,0,0,0,0,0,0,0,0,0,0,0,0,0,1,1,1,1,1,1,1,1,1,1,1,5,5,5,5,6,6,6,7,14,15,14,18,18,20,20,22,21,22,22,22,22,23,23,24,24,24,26,28,28,28,29,29,29,34,34,34,35,35,35,35,37,38,38,38,39,40,42,43,42,42,45,49,50,54,54,56,59,63,63,63,68,69,71,73,73,74,75,80,82,83,83,85,87,89,93,98,99,106,123,128,131,131,137,142,148,154,155,155,158,160,163,165,167,170,172,172,173,177,179,183,186,190,191,194,197,197,200,202,205
1,1,1,1,1,1,2,3,5,5,7,7,10,10,13,14,18,21,26,27,32,34,38,39,39,47,50,49,49,55,58,61,62,68,71,78,93,104,108,113,114,115,116,119,128,128,144,145,146,149,161,162,168,170,173,178,184,196,201,204,204,207,210,210,217,217,230,231,239,246,254,260,261,265,265,277,284,286,298,305,314,322,328,342,344,347,351,361,366,371,374,374,376,386,388,396,402,409,425,433,438,447,453,457,470,480,495,500,506,530,550,555,557,567,576,590,597,613,617,632,647,658,670,694,705,718,724,739,755,764,781,788,818,830,839,851,857,863,873,887
0,0,0,0,0,1,1,2,2,3,6,5,7,7,8,8,8,8,9,11,14,14,16,16,16,17,20,20,22,22,23,24,26,26,26,30,33,35,37,38,38,38,37,37,37,37,36,36,36,37,39,41,41,41,43,43,43,45,46,46,46,47,47,47,47,47,48,48,48,48,48,49,50,50,50,50,51,51,51,51,52,52,55,55,55,55,55,56,56,56,57,57,57,60,65,66,69,69,69,70,70,72,72,74,75,78,78,79,79,82,84,84,84,84,86,88,88,93,95,100,101,103,104,104,107,109,109,111,113,115,117,118,122,123,126,126,128,128,129,129
0,0,0,0,0,0,0,0,0,0,0,0,0,0,0,0,1,1,1,1,5,6,7,10,10,10,10,10,10,10,11,11,12,13,13,13,13,13,15,16,16,16,16,16,16,16,16,17,17,17,17,17,17,17,18,18,18,21,23,24,24,24,24,24,26,26,26,26,26,26,26,29,29,29,29,32,32,32,32,32,32,33,33,33,34,34,34,35,35,35,37,36,37,38,38,39,39,39,41,42,42,45,45,47,48,53,55,57,58,62,64,65,66,67,68,70,73,74,75,79,83,85,85,89,91,98,99,99,104,104,108,108,116,115,118,119,119,120,120,120
0,0,0,0,0,0,0,0,0,0,0,1,0,0,0,0,0,0,0,0,0,0,0,1,1,1,1,1,1,1,1,1,1,1,1,1,1,1,1,1,2,2,2,2,2,2,2,2,3,3,3,3,4,4,4,4,4,7,7,7,7,8,8,8,8,8,8,8,8,8,8,8,8,8,8,9,9,9,9,9,10,10,10,11,11,11,11,12,12,12,12,12,12,12,12,12,13,13,13,13,13,13,13,15,15,15,15,15,16,16,17,17,17,19,19,19,19,19,19,19,20,20,20,20,23,24,24,25,25,25,25,25,26,27,28,28,28,29,30,30
2,3,3,3,3,3,3,3,3,4,5,5,6,7,7,8,9,11,11,13,15,16,16,17,17,21,21,21,22,24,25,25,26,31,32,37,40,42,42,44,46,49,52,55,57,57,62,64,66,68,71,73,73,75,75,75,76,81,83,85,85,118,127,129,132,132,140,144,148,150,155,159,160,161,167,172,180,184,190,198,203,205,209,213,213,216,218,220,224,227,228,232,234,245,250,252,260,265,274,279,283,284,290,306,312,322,326,329,340,387,406,417,424,428,441,455,462,482,487,501,506,515,525,537,547,551,563,566,571,579,587,597,603,607,611,620,622,624,636,646
0,0,0,0,0,0,0,0,1,0,1,1,2,3,3,3,6,7,8,11,12,13,14,14,14,18,19,20,19,20,22,21,21,21,22,22,30,31,33,33,33,34,34,36,39,39,42,43,43,43,47,47,46,50,53,54,54,58,58,64,64,65,65,66,71,71,83,86,88,89,91,101,108,112,124,131,135,137,139,145,148,149,156,160,162,174,180,193,212,223,226,235,240,254,256,264,285,295,314,342,350,360,368,391,413,430,446,458,477,547,575,599,612,623,645,673,689,719,740,773,787,817,842,865,875,902,911,929,956,967,982,993,1022,1037,1054,1072,1081,1088,1099,1109
0,0,0,0,0,1,2,2,2,2,2,1,1,1,2,2,2,2,2,4,7,7,7,7,7,8,8,8,9,9,9,9,11,11,11,12,13,14,14,16,16,16,16,16,16,16,16,16,16,16,18,18,18,18,20,21,22,22,23,24,24,24,24,24,24,24,25,26,27,27,27,29,30,30,30,30,30,30,32,34,34,34,34,34,35,35,37,37,41,43,43,46,47,52,54,57,65,70,80,86,88,93,102,106,114,118,125,127,129,152,159,161,168,173,177,180,187,192,197,211,221,229,237,242,247,256,259,262,272,277,283,289,300,303,316,320,323,323,327,331
0,0,0,0,0,0,0,0,0,0,0,0,0,1,1,5,5,6,7,8,10,10,12,12,12,12,13,13,14,14,14,15,15,15,15,15,16,16,16,16,15,15,15,15,15,15,15,15,15,15,16,16,17,17,17,17,17,17,17,18,18,17,17,17,18,18,18,18,19,19,19,19,19,20,20,20,19,19,20,20,20,20,20,20,20,20,20,21,21,25,25,25,25,25,25,25,25,25,25,27,27,27,27,27,28,30,30,32,32,33,33,33,34,36,38,42,42,43,43,45,46,47,49,49,50,52,53,53,54,54,55,57,59,60,60,62,63,63,64,64
0,0,0,0,1,1,1,2,2,2,3,3,6,8,11,11,14,16,19,20,25,26,28,30,30,31,32,33,34,38,40,40,44,45,45,50,53,54,59,60,61,66,74,76,84,84,90,96,105,107,117,119,129,128,134,135,137,138,139,140,140,150,155,156,157,157,167,172,176,182,185,189,190,197,199,203,205,209,214,220,219,219,219,225,229,233,236,240,246,250,252,256,258,264,265,268,276,279,284,289,294,301,308,320,326,345,349,352,357,375,393,399,402,407,419,425,431,446,453,473,482,490,504,520,523,542,551,560,581,586,596,611,651,666,680,694,700,709,714,720
0,0,0,0,0,0,0,0,0,0,0,0,0,0,0,0,0,0,0,0,0,0,0,0,0,0,0,0,0,0,0,0,0,0,0,0,0,0,0,0,0,0,0,0,0,0,0,0,0,0,0,0,0,0,0,0,0,0,0,0,0,0,0,0,0,0,1,1,1,1,1,1,1,1,1,1,1,1,1,1,1,1,1,1,1,1,1,1,1,1,1,1,1,1,1,1,1,1,1,1,1,1,1,1,1,1,1,1,1,1,1,1,1,1,1,1,1,1,1,1,1,1,1,1,1,1,1,1,1,1,1,1,1,1,1,1,1,1,1,1
0,0,0,0,0,0,0,0,0,0,0,0,0,0,0,0,0,1,1,1,1,1,1,1,1,1,1,1,1,1,7,7,8,8,8,9,11,13,13,14,15,15,16,16,17,17,17,18,20,21,22,24,24,25,25,25,25,25,25,26,26,26,27,27,27,27,27,27,27,28,28,28,28,28,29,29,29,30,32,33,32,32,32,32,32,32,32,32,32,33,33,33,33,35,35,35,37,37,41,47,48,48,49,49,52,52,55,60,62,70,74,74,77,79,83,89,89,92,93,95,96,99,104,106,111,113,113,113,116,118,120,126,130,132,133,135,139,139,143,145
0,0,0,0,1,1,1,1,3,4,7,8,11,12,13,16,18,21,24,28,29,32,36,37,37,40,41,41,42,42,43,46,46,47,48,56,61,69,71,72,73,74,75,75,78,78,83,84,85,86,92,94,95,99,103,104,104,109,118,122,122,130,136,137,138,138,146,147,148,151,154,167,169,173,181,188,191,196,202,208,210,214,218,228,237,247,249,258,263,270,279,280,286,298,302,307,311,324,335,352,366,377,381,394,409,426,440,457,475,522,537,558,568,583,602,629,645,672,688,708,719,743,758,776,784,806,815,818,830,839,844,864,873,885,899,906,910,918,923,933
1,0,0,0,3,3,4,7,8,13,16,18,19,23,27,31,32,33,38,43,51,61,64,73,73,79,83,87,87,91,91,96,102,114,120,132,184,197,212,231,246,255,275,280,292,292,321,326,338,343,353,373,387,394,405,411,420,425,438,446,446,463,469,480,489,489,503,506,521,529,538,546,553,558,574,587,602,613,627,641,655,662,668,674,680,692,703,719,734,745,756,771,783,808,821,832,852,871,887,934,947,961,983,1032,1056,1081,1109,1128,1159,1282,1305,1335,1364,1384,1426,1455,1479,1526,1550,1599,1630,1659,1684,1716,1745,1775,1803,1827,1862,1897,1911,1957,1994,2020,2071,2103,2130,2143,2182,2222
0,0,0,1,1,1,1,2,2,1,2,2,3,4,4,6,7,8,10,10,13,16,20,22,22,24,25,25,27,30,31,32,33,36,36,36,42,45,47,49,50,50,53,53,54,54,59,59,60,61,70,74,75,75,78,80,81,81,81,82,82,84,86,90,92,92,94,99,99,102,107,110,112,116,118,120,123,126,131,133,134,135,138,139,142,143,148,151,154,156,157,159,162,164,166,168,172,173,179,181,184,185,186,190,193,196,200,202,213,240,258,262,264,276,279,288,294,299,308,327,356,362,373,377,392,403,407,413,424,425,428,432,438,449,458,472,473,475,483,485
0,0,0,0,0,0,0,0,0,0,2,1,1,1,1,1,7,10,12,15,17,18,20,21,21,23,24,24,25,25,25,25,26,25,25,25,25,26,27,28,29,29,31,31,31,31,31,33,33,33,33,36,36,39,40,40,41,41,43,43,43,45,45,46,48,48,50,50,50,52,52,53,56,56,58,58,61,61,61,61,63,62,63,65,66,67,68,71,72,73,74,73,74,76,76,77,82,83,84,86,88,89,91,96,101,108,110,111,112,131,133,134,135,137,140,144,150,157,165,170,179,184,191,195,197,199,202,205,210,211,214,217,222,225,227,232,232,233,236,238
0,0,0,0,0,0,0,0,0,0,0,1,1,5,7,8,8,9,10,12,15,16,16,17,17,18,18,18,18,19,19,19,20,21,21,24,30,31,34,35,35,35,41,41,44,44,46,48,55,55,59,61,63,63,65,67,70,71,75,80,80,81,81,82,84,84,85,88,89,89,89,90,90,93,97,99,101,102,103,110,115,124,127,130,132,132,135,137,141,144,145,146,149,152,153,155,164,168,171,171,173,177,184,192,197,203,208,218,221,247,259,264,269,278,288,293,303,325,330,341,347,354,365,377,381,390,394,402,415,420,430,439,453,465,472,483,486,493,499,502
0,0,0,0,0,0,0,0,0,0,0,0,0,0,0,0,0,0,0,0,0,0,0,0,0,0,0,0,0,0,0,0,0,0,0,1,1,1,1,1,1,1,1,1,1,1,1,1,1,1,1,1,1,1,1,1,1,1,2,2,2,2,2,2,2,2,2,2,2,2,2,2,2,2,2,2,2,3,3,3,3,3,3,3,3,3,3,3,3,3,3,3,3,4,4,4,4,4,4,4,4,4,5,6,7,7,7,10,10,13,14,14,14,14,14,14,14,14,14,14,14,14,14,14,15,15,15,15,15,15,15,15,15,15,15,15,15,15,15,15
0,0,0,0,0,0,0,1,1,0,1,1,1,2,2,4,5,6,6,11,11,12,13,14,14,15,16,18,18,19,20,22,24,26,27,30,40,44,46,51,52,53,66,66,70,70,77,78,111,111,124,135,148,150,152,152,155,160,164,166,166,182,182,183,185,185,189,193,202,207,211,219,225,231,241,247,275,280,293,298,299,302,308,319,322,327,330,341,345,357,369,377,386,398,402,412,408,414,425,429,435,443,449,457,471,482,495,500,509,535,580,583,584,587,606,622,628,646,655,666,680,685,689,705,714,724,732,744,762,768,779,782,800,809,811,815,825,836,849,855
0,0,0,0,0,0,0,0,0,0,0,0,0,0,0,0,0,0,0,0,0,0,0,0,0,0,0,0,0,0,0,0,0,0,0,1,1,1,1,1,4,4,4,4,6,6,6,6,8,9,10,11,11,11,11,11,11,11,14,14,14,14,14,14,14,14,14,14,15,15,15,15,13,13,14,14,14,14,14,14,16,16,16,16,16,16,16,16,16,16,16,17,17,17,17,17,17,20,21,22,22,22,22,22,22,23,23,24,25,27,29,31,31,32,33,33,33,34,36,40,40,40,42,43,43,43,43,43,43,43,46,48,49,49,50,52,52,52,56,57
0,0,0,5,5,7,8,8,9,9,12,0,1,1,1,1,1,1,6,7,9,11,13,13,13,18,19,21,22,23,23,24,24,27,27,27,29,30,31,32,32,32,32,32,34,34,34,34,35,36,38,40,40,40,41,41,41,42,43,43,43,45,46,46,46,46,48,48,48,48,48,50,50,50,51,51,52,52,52,52,53,53,53,53,54,53,53,53,55,57,57,56,58,58,61,61,63,66,68,69,71,73,75,76,78,80,81,84,88,97,102,105,107,107,109,111,112,116,117,121,121,149,149,151,153,155,156,158,161,162,163,163,164,164,167,169,171,174,174,176
0,0,0,0,0,0,1,2,2,3,5,6,5,8,11,13,14,16,19,19,19,19,18,20,20,21,21,21,21,21,21,21,21,22,22,25,29,30,30,30,31,31,32,33,33,33,33,33,35,35,35,35,36,36,38,38,38,42,43,44,44,43,43,43,43,43,46,46,46,46,46,49,49,51,52,53,53,54,54,53,54,56,57,59,59,59,59,59,60,61,63,64,65,67,67,68,67,69,71,72,72,75,76,77,77,79,79,83,84,88,89,91,92,97,100,102,106,111,112,115,119,121,121,128,127,126,126,127,127,129,133,135,138,142,145,148,148,150,150,150
0,1,1,1,1,1,2,2,2,3,6,8,13,14,16,18,20,21,23,28,37,43,47,51,51,64,68,68,73,79,84,89,95,99,101,103,119,132,141,150,155,157,161,163,169,169,192,199,204,207,225,232,240,255,260,269,276,284,295,303,303,322,333,339,351,351,392,427,443,458,474,515,538,552,582,611,630,645,658,672,699,719,741,770,777,794,828,852,889,919,931,935,958,984,995,1009,1051,1093,1119,1150,1161,1178,1208,1218,1255,1289,1330,1347,1374,1499,1549,1584,1601,1636,1678,1729,1757,1812,1833,1905,1940,1980,2020,2051,2078,2113,2144,2158,2197,2223,2245,2303,2354,2392,2420,2444,2460,2468,2489,2518
0,0,0,0,0,0,0,0,0,0,0,1,1,1,1,1,1,5,7,8,8,9,9,10,10,14,15,16,16,18,18,17,20,21,23,23,26,26,28,28,28,28,28,28,30,30,30,30,31,31,31,31,31,31,32,32,32,32,32,33,33,34,35,35,35,35,35,35,35,35,35,35,35,35,35,35,37,38,38,38,38,39,39,39,39,39,39,40,40,41,40,40,41,41,41,43,46,47,47,48,48,48,49,49,49,51,52,52,53,56,57,58,58,60,61,62,65,67,69,70,71,71,71,71,71,73,73,73,73,73,73,73,73,73,75,76,77,77,80,83
0,0,0,0,0,0,0,0,0,0,0,1,1,1,1,1,1,1,1,1,1,1,1,1,1,1,1,1,1,1,1,1,1,1,1,5,8,9,11,11,11,11,13,13,13,13,13,13,14,14,16,16,16,16,16,16,17,17,18,18,18,18,18,18,18,18,18,19,19,19,19,19,19,19,20,23,24,26,26,27,27,27,29,29,29,29,29,29,30,31,33,33,33,34,34,36,40,42,44,44,44,44,45,45,46,49,51,51,52,57,57,63,63,63,63,67,68,70,72,80,80,81,83,84,86,92,96,99,102,104,106,109,115,118,121,123,125,126,132,134
3,4,4,5,6,7,7,9,11,17,21,22,23,27,31,40,41,43,45,46,46,48,51,52,52,53,54,54,54,55,55,57,57,58,58,59,61,63,64,64,64,64,65,66,66,66,66,66,66,66,68,67,68,68,69,69,69,71,71,72,72,73,73,73,74,74,74,76,76,76,77,77,77,77,77,79,79,80,80,80,80,82,82,82,83,83,83,84,85,86,87,88,89,91,93,93,95,98,99,103,105,110,112,121,124,131,135,137,140,161,169,173,180,194,197,200,207,208,213,217,222,222,225,228,230,238,242,246,249,250,251,254,258,260,264,266,267,267,271,272
0,1,1,1,3,4,5,6,6,6,8,8,8,9,13,13,18,21,23,24,25,26,28,31,31,34,34,34,34,34,37,39,39,39,39,45,45,46,46,48,50,51,51,52,52,52,53,56,57,57,58,59,59,62,64,64,64,64,65,67,67,70,72,72,74,74,75,77,77,78,78,79,80,80,82,82,82,83,84,84,87,88,88,89,90,90,91,92,93,93,93,94,95,97,99,101,103,104,106,108,109,113,117,118,123,123,126,130,132,144,147,151,154,158,163,169,174,178,181,184,191,195,199,202,210,215,216,217,222,222,223,228,234,234,236,240,243,244,248,249
0,0,0,0,0,0,0,0,0,0,0,1,1,1,1,5,5,5,5,5,5,5,5,5,5,6,6,6,6,6,6,6,6,7,7,8,9,9,10,10,11,11,11,11,11,11,11,11,11,11,11,11,11,11,13,13,13,13,13,13,13,13,14,14,14,14,14,14,14,14,14,14,14,14,14,14,15,15,15,15,15,15,15,16,16,16,16,16,16,17,17,16,16,16,17,17,18,18,19,20,20,20,20,20,20,20,20,20,21,29,30,30,30,31,34,34,35,37,39,42,43,43,45,45,46,46,48,48,49,49,50,51,52,53,55,57,59,60,61,61
0,0,0,0,0,0,0,0,0,0,1,1,2,4,5,6,8,10,10,14,15,17,20,20,20,25,26,26,26,27,28,32,35,35,36,42,45,47,48,51,52,53,55,60,63,63,69,70,70,70,71,79,81,83,87,89,90,100,113,115,115,127,130,132,139,139,158,171,186,217,219,248,250,252,264,298,299,305,312,317,331,343,349,356,357,369,378,399,415,426,437,443,453,480,483,487,504,519,539,552,553,568,575,582,596,612,625,629,641,679,694,702,707,711,722,741,746,763,771,796,801,823,835,851,865,878,886,898,913,919,932,959,969,990,1011,1024,1026,1036,1046,1055
0,0,0,0,0,0,0,0,0,0,0,8,8,9,10,11,13,14,16,17,21,22,21,21,21,23,24,24,24,24,24,25,26,27,27,30,34,34,34,35,35,35,35,35,36,36,38,39,39,39,41,42,43,43,43,43,43,43,44,44,44,44,44,44,45,45,48,48,50,50,52,52,55,56,57,57,115,116,118,118,119,124,124,124,124,125,132,134,136,136,136,138,140,146,146,146,146,147,147,148,148,151,154,157,159,161,162,164,170,173,179,182,183,184,186,187,189,192,192,195,198,200,201,205,208,211,211,214,217,217,220,223,227,230,231,234,235,237,237,241
0,0,0,0,0,0,0,0,0,0,0,1,5,5,6,6,6,6,8,11,12,12,12,13,13,16,20,21,21,24,26,28,32,36,37,42,46,49,52,58,59,60,64,63,68,68,76,78,80,81,85,86,87,90,94,94,97,99,102,109,109,116,120,122,123,123,126,127,131,132,136,135,139,144,149,157,162,164,165,168,171,175,176,179,181,184,186,198,196,202,205,208,209,214,216,218,221,223,230,236,237,244,252,258,268,280,284,285,295,313,325,329,333,335,344,351,355,373,377,397,402,404,416,423,430,434,440,441,469,472,478,479,506,507,513,519,522,538,549,553
0,0,0,0,0,0,0,0,0,0,2,4,4,4,4,5,7,7,8,9,11,12,13,13,13,12,13,13,14,14,14,14,15,18,20,20,23,26,28,31,35,36,37,39,44,44,49,50,53,55,57,60,74,77,77,85,91,95,107,108,108,120,123,123,126,126,131,137,142,143,148,152,154,154,157,161,162,162,164,166,169,170,169,172,173,174,179,183,185,187,187,190,194,200,206,207,212,217,226,242,249,256,264,274,282,287,294,301,304,336,346,352,358,366,370,381,393,402,412,423,431,437,441,446,449,461,466,474,481,486,496,502,515,519,526,530,534,538,542,546
0,0,0,0,0,1,0,0,0,0,1,2,3,4,4,5,7,9,10,11,17,20,27,30,30,46,49,53,53,60,64,66,69,71,73,80,88,96,98,105,109,110,114,119,126,126,139,144,149,157,164,166,175,204,209,214,215,219,231,235,235,245,250,253,271,271,304,307,313,319,320,355,357,362,381,406,417,424,426,428,443,454,459,475,482,492,507,514,536,560,571,585,610,633,636,648,682,697,723,757,769,779,793,820,854,883,921,939,963,1028,1053,1083,1096,1116,1145,1182,1202,1230,1245,1288,1312,1341,1361,1392,1409,1438,1458,1477,1495,1509,1526,1558,1583,1606,1625,1643,1649,1664,1679,1695
0,1,2,2,2,3,3,3,3,4,4,4,5,5,5,7,9,11,12,15,15,19,21,23,23,29,30,31,33,34,34,35,38,39,39,43,47,50,57,61,63,64,64,65,72,72,77,78,80,81,89,93,95,98,105,106,108,111,111,113,113,117,119,119,120,120,124,126,128,130,130,141,145,147,152,164,164,168,169,173,177,179,184,195,198,200,202,208,212,221,222,225,230,236,238,243,249,259,270,280,283,285,294,300,305,324,333,335,338,360,384,396,403,413,420,432,438,449,460,474,492,499,505,516,524,535,540,545,559,564,575,591,610,625,635,640,643,651,657,662
0,0,0,0,0,0,0,0,0,0,1,1,2,6,7,9,11,13,16,21,22,28,31,33,33,39,41,45,48,51,54,56,59,62,62,75,93,101,111,116,120,122,134,141,153,153,167,172,182,191,208,218,224,232,244,249,263,271,281,286,286,312,318,321,327,327,343,363,379,388,401,410,421,433,446,457,473,485,501,509,516,520,524,528,537,544,555,576,588,600,606,606,614,627,636,646,661,666,673,689,700,707,721,740,753,766,774,780,797,838,861,870,884,892,899,909,918,929,943,964,980,999,1018,1044,1063,1084,1096,1102,1140,1146,1160,1169,1213,1228,1247,1273,1279,1290,1302,1322
0,1,2,3,5,5,5,9,10,11,15,18,26,30,34,39,45,57,67,86,91,90,98,103,103,113,119,121,127,138,145,148,153,162,164,184,200,226,239,259,274,283,310,314,335,335,370,382,392,398,431,445,460,463,476,481,489,501,517,530,530,555,559,565,567,567,586,591,609,621,626,652,660,669,686,706,725,734,751,764,771,780,786,803,814,829,845,871,882,903,913,915,925,944,959,979,1000,1016,1040,1063,1075,1102,1125,1159,1191,1235,1257,1275,1302,1388,1441,1467,1480,1509,1539,1582,1616,1671,1690,1753,1785,1823,1849,1908,1935,1974,2001,2029,2089,2110,2142,2170,2267,2307,2346,2402,2425,2458,2488,2535
0,0,0,0,0,0,0,0,0,0,0,0,0,0,1,1,1,1,1,1,1,1,1,1,1,1,1,1,1,1,1,1,1,1,1,1,1,6,6,6,6,6,6,6,6,6,6,6,6,6,6,6,6,6,6,6,6,7,7,7,7,8,8,9,10,10,10,11,11,11,11,11,11,12,12,12,12,12,12,14,15,15,16,17,17,18,19,19,21,22,23,24,24,25,25,26,28,31,38,44,46,47,48,50,52,52,52,54,57,66,71,75,77,78,82,88,91,98,100,106,107,110,114,118,124,128,127,129,136,137,138,139,139,140,141,142,142,143,143,143
1,1,1,1,1,1,1,1,2,2,4,7,8,8,8,9,12,14,17,21,23,22,25,30,30,37,41,46,48,51,56,58,67,77,79,87,101,109,113,127,131,133,143,150,158,158,172,176,182,181,192,198,206,208,211,212,216,221,225,235,235,245,246,251,259,259,274,275,291,297,300,311,314,321,329,337,348,354,366,370,375,383,387,391,403,408,409,417,421,425,428,432,439,443,459,470,484,495,506,520,526,533,545,553,563,578,584,587,601,635,659,668,678,689,700,713,725,738,746,764,776,791,808,827,845,858,868,881,900,915,932,941,968,982,992,1012,1014,1022,1028,1041
0,0,0,0,0,0,0,0,1,2,9,9,12,12,15,21,21,26,30,38,49,50,55,58,58,69,74,76,79,83,88,90,93,100,105,114,124,135,146,155,163,165,167,173,183,183,193,201,203,208,221,228,230,236,244,246,250,262,270,274,274,286,289,294,301,301,327,331,338,345,358,379,384,395,426,447,461,480,505,516,558,578,591,605,620,638,652,673,691,717,734,744,754,781,787,797,819,841,876,919,937,957,983,1025,1080,1114,1155,1192,1216,1343,1395,1433,1469,1515,1553,1599,1634,1693,1747,1802,1857,1891,1941,1979,2016,2056,2078,2094,2141,2168,2189,2242,2288,2316,2346,2380,2388,2397,2416,2448
0,0,0,5,6,7,7,8,9,9,12,10,11,15,18,22,23,24,25,26,26,26,30,31,31,31,31,32,32,32,32,33,33,33,33,33,33,33,35,36,36,36,36,36,37,37,37,38,38,38,38,38,39,39,39,39,39,40,40,40,40,41,44,45,45,45,45,46,47,49,49,50,52,55,57,57,57,57,57,57,59,61,61,61,61,61,60,60,61,61,62,61,62,63,63,63,63,63,63,62,62,63,63,63,64,69,71,73,73,81,82,82,82,82,85,85,87,88,88,88,89,89,89,89,90,90,92,93,95,96,96,97,97,97,98,98,98,99,99,100
0,0,0,0,0,0,0,0,0,0,1,2,3,3,4,5,7,8,16,22,30,31,39,44,44,49,52,54,57,59,63,67,73,80,80,100,117,151,166,176,181,190,210,224,249,249,270,279,293,295,369,376,388,397,413,414,432,442,456,467,467,506,519,531,551,551,577,591,611,619,633,648,664,686,704,729,762,783,816,834,848,849,852,873,886,897,916,940,963,985,996,1007,1023,1050,1065,1079,1105,1122,1146,1170,1173,1191,1214,1228,1242,1274,1302,1316,1346,1437,1492,1506,1516,1533,1551,1572,1604,1635,1662,1702,1743,1783,1813,1860,1900,1926,1959,1975,2043,2059,2094,2116,2221,2244,2286,2352,2366,2411,2440,2490
0,0,0,0,0,0,0,1,2,2,2,4,6,7,9,14,18,20,27,31,37,46,53,65,65,88,89,99,102,109,118,123,131,147,149,192,248,299,325,339,346,352,378,379,395,395,417,422,438,442,470,477,486,491,501,501,504,507,527,537,537,556,566,576,585,585,599,606,622,630,645,668,678,689,720,733,758,768,776,783,793,801,812,817,829,842,848,867,879,901,917,943,959,975,985,1002,1017,1020,1039,1115,1126,1150,1163,1192,1221,1248,1283,1302,1322,1471,1508,1528,1555,1585,1624,1678,1707,1761,1790,1848,1868,1900,1953,1992,2028,2082,2121,2151,2178,2209,2227,2318,2390,2450,2497,2572,2634,2643,2695,2747
0,0,0,1,1,1,1,2,6,8,10,12,15,20,21,25,27,28,33,39,41,46,48,50,50,62,67,67,69,69,69,70,70,72,73,80,82,85,90,92,93,94,95,101,103,103,130,139,142,143,143,144,154,155,155,155,155,156,163,163,163,167,171,171,173,173,176,176,176,177,179,181,185,188,188,189,189,189,193,195,195,196,198,201,203,206,209,211,216,219,219,222,227,231,234,237,243,244,247,250,255,262,263,276,281,283,287,290,295,316,326,327,331,334,338,339,348,350,351,360,362,366,369,377,379,384,385,390,395,396,399,405,412,417,421,429,430,433,437,440
0,0,0,0,0,0,0,0,0,0,0,12,14,14,14,14,15,18,19,21,23,25,28,30,30,32,32,35,36,36,36,36,36,36,36,36,36,36,37,37,37,37,37,37,37,37,37,37,37,37,38,40,40,40,40,40,40,40,40,40,40,42,42,42,42,42,41,41,41,41,41,42,42,42,42,42,42,42,42,42,43,43,43,43,43,43,43,44,44,44,46,46,46,46,47,46,48,48,48,48,48,49,49,50,50,50,52,52,53,56,57,58,58,60,60,60,61,62,62,62,62,64,63,63,63,65,65,67,68,68,69,70,71,72,74,74,75,75,75,75
0,0,0,0,0,0,0,0,0,1,4,4,4,6,7,7,11,16,19,27,33,38,49,51,51,58,60,65,69,75,76,78,81,91,94,109,141,166,183,195,202,209,230,244,268,268,311,315,325,339,378,382,393,403,434,440,449,466,489,512,512,545,559,568,579,579,603,619,636,647,658,670,693,731,749,775,792,806,831,849,859,869,894,911,924,943,955,982,1000,1017,1031,1036,1039,1066,1081,1093,1111,1121,1140,1156,1163,1182,1197,1207,1221,1238,1248,1256,1270,1322,1341,1354,1364,1371,1390,1409,1428,1449,1464,1515,1525,1548,1569,1614,1642,1665,1692,1704,1746,1757,1768,1785,1858,1878,1907,1941,1951,1981,2004,2032
0,0,0,0,0,0,1,2,2,3,4,5,5,6,7,8,10,13,17,19,23,26,27,28,28,36,38,38,39,42,44,49,54,65,66,80,97,100,104,112,113,113,117,118,122,122,136,143,148,150,162,169,170,171,173,174,178,182,188,192,192,197,201,205,210,210,233,243,252,258,276,286,291,304,324,345,357,360,369,380,397,416,422,444,451,456,468,486,497,524,539,554,565,594,599,607,625,645,675,689,706,729,743,758,788,819,847,869,896,988,1032,1055,1067,1091,1131,1176,1211,1257,1279,1334,1356,1396,1433,1467,1493,1527,1536,1546,1576,1587,1595,1624,1663,1697,1725,1742,1750,1762,1778,1804
2,2,2,2,3,3,3,6,6,7,10,10,10,10,25,33,33,43,53,58,58,72,72,80,94,117,117,117,164,179,184,184,215,215,215,215,249,263,263,299,299,325,362,362,393,383,406,411,417,452,482,501,501,516,542,551,551,593,607,607,662,684,694,694,704,784,790,805,831,848,853,883,900,911,918,923,928,928,937,943,968,974,981,987,987,1008,1008,1023,1023,1037,1042,1042,1058,1083,1099,1120,1145,1145,1162,1177,1196,1213,1238,1238,1276,1276,1328,1328,1352,1401,1408,1415,1439,1460,1470,1517,1544,1544,1585,1585,1643,1670,1700,1700,1758,1802,1822,1857,1857,1897,1897,1902,1943,1956,1973,1994,2004,2016,2023,2035
0,0,0,0,0,0,0,0,1,1,2,2,5,5,6,9,14,15,17,27,31,32,39,43,43,52,57,57,60,64,67,73,77,79,81,94,107,113,124,126,133,140,143,147,155,155,183,186,188,195,230,233,241,249,260,261,263,270,287,294,294,325,325,336,353,353,378,388,397,415,423,445,456,473,502,532,536,542,547,556,579,595,607,615,618,632,655,665,687,696,701,703,713,729,738,747,764,780,798,819,829,839,857,878,907,939,963,975,992,1084,1133,1174,1185,1209,1234,1274,1298,1353,1379,1414,1435,1465,1496,1521,1547,1571,1592,1606,1627,1649,1658,1673,1699,1703,1724,1744,1754,1767,1775,1796
0,0,0,0,0,0,0,0,0,0,0,5,4,4,5,7,9,9,13,16,21,24,31,37,37,47,47,49,53,58,62,66,76,87,91,113,126,133,147,153,155,160,163,171,197,197,238,250,255,269,284,308,315,336,352,359,362,379,396,403,403,416,422,430,441,441,456,461,469,474,482,504,514,531,538,559,569,583,595,606,622,637,649,676,682,685,691,715,724,734,737,743,748,784,793,804,821,828,849,862,867,872,883,889,900,917,939,948,957,995,1018,1032,1042,1064,1084,1107,1123,1137,1149,1180,1189,1200,1217,1239,1253,1286,1293,1309,1320,1328,1339,1352,1378,1389,1406,1433,1437,1439,1442,1450
0,0,0,0,0,0,0,0,0,0,0,1,1,1,1,1,1,1,1,1,1,1,1,1,1,1,1,1,1,1,1,1,1,1,1,1,1,1,1,1,1,1,1,1,1,1,1,1,1,1,1,1,1,1,1,1,1,1,2,2,2,2,2,2,2,2,2,3,3,3,3,3,3,3,3,3,3,3,3,3,3,3,3,3,3,3,3,4,4,4,5,5,5,5,5,5,5,5,5,5,5,5,5,6,6,6,6,6,6,9,9,9,9,11,11,13,15,16,16,16,16,16,16,16,16,16,16,16,17,17,17,17,18,19,20,20,20,20,20,20
0,0,0,1,1,2,2,3,4,5,8,5,5,5,5,7,7,7,8,8,8,10,10,10,10,10,10,10,10,10,10,11,11,12,12,15,16,16,16,16,16,18,19,19,20,20,20,20,20,20,20,20,20,20,20,20,20,20,20,22,22,22,22,22,22,22,22,22,22,22,22,22,23,23,24,26,26,26,29,29,30,32,32,32,32,32,32,33,35,35,36,36,36,38,39,39,39,40,41,41,41,43,43,43,45,46,46,47,47,57,60,61,62,63,65,65,68,70,71,73,76,77,79,81,82,86,87,91,92,92,93,95,97,99,100,102,102,103,104,104
0,0,0,0,0,0,0,0,0,1,3,4,4,4,5,10,13,15,22,24,24,30,35,40,40,45,47,48,49,56,58,63,68,71,72,82,97,110,122,126,131,132,149,151,169,169,176,182,193,198,212,221,232,239,253,258,265,270,279,283,283,297,298,304,310,310,328,338,352,360,376,400,413,429,446,481,506,518,538,567,600,618,643,658,680,705,733,757,786,801,822,848,874,904,934,964,1006,1040,1103,1158,1186,1232,1273,1329,1406,1455,1515,1548,1595,1809,1880,1927,1964,2014,2061,2138,2205,2292,2345,2437,2535,2605,2701,2763,2833,2928,2957,2993,3085,3160,3206,3341,3431,3512,3593,3674,3735,3767,3835,3920
0,0,0,0,0,0,0,0,1,1,2,2,3,6,6,8,8,12,12,16,21,20,24,24,24,28,28,28,28,31,31,31,33,35,36,39,42,46,48,49,48,50,51,52,53,53,55,56,60,60,61,63,64,64,65,65,65,65,66,67,67,70,72,72,78,78,80,82,85,87,89,88,89,89,90,92,92,92,93,93,94,95,95,95,97,97,98,103,105,106,106,109,109,111,116,123,124,124,126,130,132,135,139,139,140,143,145,146,149,153,155,154,156,156,163,170,172,175,179,188,190,192,196,205,206,208,209,214,217,219,221,223,228,234,237,240,241,242,244,245
0,0,0,0,0,0,0,0,0,0,0,0,0,1,1,1,1,1,1,1,1,1,1,1,1,1,5,5,8,11,13,12,14,15,15,17,18,19,22,23,25,25,24,26,27,27,27,27,28,28,29,29,29,29,29,29,29,29,29,29,29,31,31,31,31,31,33,34,37,41,41,42,43,43,44,46,46,46,46,46,46,46,46,46,47,47,47,47,48,48,48,48,48,49,50,49,49,50,52,54,54,55,56,58,58,60,62,62,64,74,74,79,80,81,83,85,88,90,92,94,96,99,102,103,107,108,109,110,110,112,113,115,117,118,118,118,122,122,122,123
0,0,0,0,0,0,0,0,0,0,0,0,0,1,1,1,1,1,1,1,1,1,1,1,1,5,5,5,5,6,6,8,8,8,8,10,10,10,10,10,10,10,10,10,10,10,10,10,10,10,11,11,11,12,12,12,12,12,13,13,13,13,13,13,13,13,13,14,14,14,14,14,17,17,18,18,18,18,18,19,20,20,20,20,20,20,20,20,20,20,21,21,22,22,22,22,23,23,25,26,26,27,27,27,29,30,30,30,31,34,34,35,35,37,40,40,40,43,44,47,47,47,51,51,53,53,53,53,55,55,55,56,57,60,60,60,60,60,60,63
0,0,0,0,0,0,1,1,3,5,6,7,8,8,10,13,16,20,22,27,28,33,34,35,35,36,38,39,42,44,46,46,46,47,47,49,50,50,50,51,51,51,52,56,58,58,60,60,61,62,67,71,74,75,75,75,75,75,76,76,76,77,78,80,81,81,81,83,86,86,86,90,91,92,93,94,96,96,96,96,96,96,98,99,99,99,100,104,106,106,108,109,109,112,116,116,120,122,123,124,125,124,126,129,134,137,139,140,142,154,156,160,166,167,171,174,177,179,185,192,193,194,195,200,204,205,207,208,210,211,212,216,218,218,222,227,227,229,229,229
0,0,0,0,0,0,0,0,0,0,0,1,1,1,1,1,1,1,5,6,7,8,8,8,8,9,8,8,8,8,8,8,8,8,8,8,9,10,11,11,11,11,11,11,11,11,11,12,12,12,12,12,12,12,12,12,12,12,12,12,12,12,12,12,11,11,12,13,13,16,16,17,17,18,18,18,18,18,18,18,18,19,19,19,19,19,19,20,20,20,20,20,20,20,20,21,20,20,20,21,23,25,25,25,25,25,27,28,28,33,33,35,35,39,40,40,42,45,46,48,49,53,56,57,57,57,57,57,57,57,57,58,59,60,60,60,61,61,61,61
0,0,0,0,1,2,4,5,7,9,20,23,24,29,34,39,50,54,60,62,64,67,68,73,73,81,83,84,85,84,84,84,84,85,85,91,94,94,95,95,98,99,102,103,106,106,107,108,110,111,113,115,116,117,118,120,120,120,120,120,120,123,123,126,128,128,131,132,134,135,138,138,138,138,139,140,141,143,143,145,146,147,148,150,150,151,151,154,161,164,167,167,165,166,166,167,169,170,173,179,182,183,184,190,197,207,211,217,219,245,258,266,274,283,287,295,299,308,318,326,333,339,345,349,353,359,365,366,369,369,373,376,381,387,391,396,401,403,409,418
0,0,0,1,2,3,2,3,4,5,8,8,11,13,20,20,20,21,25,34,38,43,46,53,53,62,70,73,73,82,84,87,89,96,99,111,126,143,149,157,160,163,169,178,196,196,218,225,233,240,274,278,289,298,314,318,327,337,346,360,360,385,393,399,417,417,446,458,475,482,495,510,528,544,558,578,595,622,649,656,671,682,692,709,713,712,720,729,739,751,758,766,776,789,792,805,814,822,832,856,866,884,897,907,927,944,957,969,983,1036,1070,1106,1114,1132,1143,1156,1180,1199,1220,1243,1261,1276,1305,1331,1348,1368,1389,1406,1441,1446,1466,1479,1530,1555,1577,1598,1607,1626,1642,1654
0,0,0,0,0,0,0,0,0,0,0,0,0,0,0,0,0,0,0,0,1,1,1,1,1,1,1,1,1,1,1,1,1,1,1,1,1,1,1,1,1,1,1,1,1,1,2,2,2,2,2,2,2,2,2,2,2,2,2,2,2,2,2,2,2,2,2,2,2,2,2,2,2,2,2,2,2,2,2,2,2,2,2,2,2,2,2,2,2,2,2,2,2,2,2,2,2,2,2,2,2,2,2,2,2,2,2,2,2,3,3,3,3,3,3,4,4,4,4,4,4,4,4,4,4,4,5,5,5,5,5,5,5,5,5,5,5,5,5,5
0,0,0,0,0,0,0,0,0,0,0,1,1,1,1,1,1,5,5,7,8,8,8,8,8,9,10,11,11,11,11,11,12,12,12,13,13,13,13,13,13,13,13,13,13,13,13,13,13,13,13,13,13,13,13,13,13,13,13,13,13,13,13,13,13,13,14,14,14,14,14,14,14,14,14,14,14,14,14,14,14,14,14,14,14,14,14,15,17,17,17,17,18,18,18,18,18,18,19,21,21,21,22,23,22,22,23,24,24,25,26,26,28,29,30,30,30,30,30,30,30,30,30,30,30,30,30,30,30,30,31,31,31,31,31,31,31,31,31,31
0,0,0,0,0,0,0,0,0,0,0,0,1,2,2,2,3,3,5,6,8,9,10,10,10,12,15,15,15,16,16,16,16,16,16,17,19,21,23,24,28,28,29,30,32,32,37,38,40,40,43,44,47,50,52,52,55,56,59,62,62,66,67,68,68,68,71,73,75,75,81,87,89,91,100,109,114,121,125,129,138,138,142,143,143,147,148,151,156,162,163,164,167,175,175,179,181,185,193,202,205,212,217,227,238,244,256,262,270,304,327,331,336,343,355,367,383,396,401,422,435,447,451,460,475,483,485,488,501,511,521,541,561,576,587,596,597,602,619,628
0,0,0,0,0,0,0,0,0,0,0,1,1,3,3,3,5,6,7,8,8,8,10,10,10,13,15,16,17,19,19,19,23,24,26,31,32,32,35,40,40,44,44,46,48,48,55,57,58,58,61,61,65,67,69,69,70,72,77,79,79,81,82,82,90,90,104,110,116,118,120,121,124,126,130,134,138,141,144,150,157,160,165,171,172,173,175,180,186,189,192,195,197,204,207,208,211,216,221,226,230,237,242,248,257,260,265,273,278,305,318,329,331,339,342,350,355,369,374,379,380,389,395,406,411,417,417,420,430,436,437,451,456,462,468,479,481,485,488,493
1,1,1,1,1,1,1,1,1,1,1,1,2,3,3,4,5,6,6,7,9,13,14,15,15,17,18,18,18,18,18,18,18,20,20,23,23,24,25,25,25,25,27,27,28,28,29,29,29,30,30,30,31,31,33,33,35,37,38,38,38,39,39,39,39,39,40,41,43,44,45,48,49,52,55,60,60,62,63,69,70,71,74,77,77,79,79,80,83,88,88,91,92,95,97,99,106,111,118,122,123,128,128,129,134,142,149,155,166,194,199,206,209,219,225,238,242,262,264,273,281,288,293,298,306,318,323,325,330,333,336,344,346,350,356,361,363,367,373,379
0,0,0,0,1,1,1,1,2,3,3,0,0,1,1,1,5,5,6,8,9,12,12,16,16,18,20,22,22,26,27,27,29,33,34,39,48,58,61,64,67,68,77,77,83,83,96,97,100,102,119,121,123,125,129,132,132,137,140,144,144,157,160,161,165,165,173,176,177,179,180,183,187,188,191,192,193,194,195,201,203,206,212,215,225,230,231,235,238,241,243,246,247,251,251,255,258,261,263,265,266,273,279,289,292,300,302,303,310,331,342,351,353,356,365,375,381,400,413,430,437,454,471,484,496,506,513,518,539,548,566,568,594,600,605,616,617,628,633,646
0,0,0,0,0,0,0,0,1,1,3,5,6,6,6,6,6,7,7,7,10,11,13,12,12,13,13,13,14,14,14,15,15,16,16,19,23,25,26,26,27,28,29,29,30,30,30,30,30,32,37,40,42,44,48,49,54,57,77,80,80,81,81,82,86,86,88,91,111,123,127,134,136,136,138,139,139,140,141,145,149,153,158,162,166,166,170,179,180,182,183,183,186,190,190,191,193,199,201,205,206,214,219,223,229,236,242,245,254,268,278,288,291,297,305,309,316,321,323,330,334,338,344,351,358,363,363,363,370,378,385,397,399,408,413,415,418,423,424,433
0,0,0,0,0,0,0,0,0,0,0,1,1,1,1,1,1,1,1,5,5,5,5,5,5,5,6,6,6,8,8,8,8,8,8,8,9,9,10,10,11,11,11,11,11,11,11,11,12,12,12,12,12,12,14,14,15,18,18,18,18,19,19,19,19,19,21,21,22,22,22,22,22,22,22,23,23,23,23,23,22,23,23,24,24,24,24,24,24,24,24,24,24,24,24,24,25,25,26,25,25,26,26,28,29,29,29,30,31,32,32,32,32,33,33,34,34,35,36,35,41,42,43,43,44,44,44,44,45,45,49,51,54,54,54,54,54,56,56,58
0,0,0,0,0,0,0,0,0,0,0,0,0,0,0,0,0,0,0,0,0,0,0,0,0,0,0,0,0,0,0,0,0,0,0,0,0,0,0,0,0,0,0,0,0,0,0,0,0,0,0,0,0,0,0,0,0,0,1,1,1,1,1,1,1,1,1,1,1,1,1,1,1,1,1,1,1,1,1,1,1,1,1,1,1,1,1,1,2,2,2,2,2,2,2,2,2,2,2,3,3,3,4,4,4,4,4,4,4,4,5,5,5,5,6,6,6,6,5,6,6,6,6,6,7,7,7,7,7,7,7,7,8,8,8,9,9,9,9,9
1,1,1,1,1,1,1,2,2,4,5,8,9,10,11,14,14,19,25,25,26,31,31,36,36,39,43,45,50,50,55,58,70,75,76,82,90,104,122,125,143,157,167,185,271,271,527,578,598,609,613,625,630,634,669,701,734,753,764,772,772,786,799,799,801,801,807,810,826,829,843,854,883,893,901,905,910,916,924,930,936,937,947,959,965,972,987,1000,1007,1012,1022,1029,1034,1048,1057,1066,1072,1076,1085,1103,1111,1120,1123,1134,1152,1162,1177,1186,1194,1238,1263,1282,1289,1299,1310,1325,1342,1354,1363,1384,1394,1402,1410,1426,1445,1454,1463,1467,1477,1489,1499,1515,1523,1531,1538,1554,1563,1564,1578,1587
0,2,2,3,4,4,4,7,7,10,16,24,32,38,41,48,50,65,78,89,102,106,112,122,122,130,135,143,150,157,166,178,188,196,201,221,244,273,283,297,304,306,326,332,357,357,378,387,402,405,436,450,462,463,479,484,496,507,529,549,549,576,579,583,594,594,623,632,648,659,677,690,701,716,734,754,769,772,785,801,807,822,829,835,846,847,850,864,879,886,889,894,907,917,930,938,950,959,968,996,1005,1031,1050,1078,1111,1155,1192,1207,1236,1345,1386,1419,1445,1473,1502,1548,1587,1622,1676,1720,1743,1761,1788,1808,1839,1878,1903,1928,1948,1975,2001,2040,2101,2122,2152,2182,2201,2228,2253,2274
0,0,0,0,0,0,0,0,0,0,0,0,0,0,0,1,1,1,1,1,1,1,1,1,1,5,6,6,6,8,9,9,11,11,13,14,15,15,16,16,16,17,17,17,18,18,26,27,27,27,29,31,31,31,31,31,31,35,35,35,35,36,39,39,42,42,49,49,49,51,51,53,54,56,65,70,71,73,73,74,78,81,83,85,86,89,92,93,97,99,101,102,103,103,105,108,110,111,116,121,123,124,127,132,139,150,163,168,171,206,222,231,232,244,251,257,263,273,282,295,300,307,313,318,318,322,326,330,335,338,338,343,348,350,358,366,367,375,379,386
1,1,3,2,4,5,7,12,16,18,21,28,38,41,47,49,53,56,62,65,68,74,77,81,81,88,90,92,92,96,98,100,107,111,115,124,135,139,144,147,149,150,154,156,157,157,164,168,171,185,190,198,203,206,206,206,209,212,222,224,224,240,241,241,243,243,244,245,249,249,254,256,259,261,267,272,278,281,284,288,293,300,300,305,306,312,313,317,322,330,337,336,340,340,345,349,353,356,360,366,370,382,385,393,398,401,407,414,419,445,457,464,469,482,492,502,508,521,535,543,545,547,551,554,560,571,574,578,587,594,601,605,616,625,634,640,644,649,655,658
0,0,0,0,0,0,0,0,0,0,0,1,1,1,1,1,1,5,5,5,5,5,7,7,7,7,7,7,7,7,7,7,7,7,7,8,10,11,11,11,11,11,11,10,9,9,9,9,9,9,9,9,9,9,9,9,9,9,9,9,9,10,10,10,10,10,10,10,10,10,10,10,10,11,10,11,12,12,12,11,11,11,11,11,11,11,11,11,11,11,12,12,13,13,13,15,16,16,16,16,16,16,16,18,19,20,20,20,21,21,22,23,24,24,26,26,26,26,26,26,27,27,28,28,29,29,30,30,31,31,31,33,34,36,36,37,37,39,39,41
2,2,4,5,6,7,7,8,10,12,17,21,25,27,32,33,37,43,46,52,56,57,61,64,64,72,76,79,80,81,85,85,85,88,89,93,97,102,109,114,116,116,116,119,124,124,129,131,133,138,150,153,159,163,175,177,180,183,188,194,194,197,199,201,204,204,207,213,214,216,216,221,222,224,227,230,233,239,242,243,246,251,254,262,267,272,273,277,278,280,284,283,286,290,301,306,317,325,326,330,331,335,342,355,368,382,391,400,407,441,459,470,474,479,492,503,512,520,529,548,556,563,581,592,604,616,625,628,639,645,655,665,693,709,722,728,736,741,748,758
0,0,0,0,0,0,0,0,0,0,0,0,0,0,0,1,1,1,1,1,1,1,1,1,1,1,1,1,1,1,1,1,1,1,1,1,1,5,5,5,5,5,5,5,5,5,5,5,5,5,5,5,5,5,6,6,6,7,8,8,8,8,8,8,8,8,9,9,9,9,9,10,10,10,10,11,12,12,12,12,12,12,13,14,14,14,14,15,15,15,19,20,21,22,23,23,24,27,28,28,28,28,28,28,28,28,30,30,31,38,39,40,40,42,43,43,44,44,44,45,45,45,45,45,45,45,45,47,48,49,49,49,51,51,55,56,56,57,57,58
0,0,0,0,0,0,0,0,0,0,0,1,1,1,1,1,1,1,1,1,1,1,1,1,1,1,1,1,1,5,5,5,5,5,5,5,5,6,6,6,6,7,7,7,7,7,7,8,8,8,8,9,9,9,9,9,9,13,15,15,15,17,17,18,18,18,18,19,20,21,21,25,25,25,26,31,31,34,37,38,37,37,39,39,39,40,43,44,45,46,50,51,54,55,57,58,59,60,60,68,72,78,82,85,90,93,97,101,102,118,120,121,121,122,126,129,133,136,138,142,148,151,156,156,159,159,160,160,164,165,168,171,178,180,182,184,186,190,190,192
1,1,1,0,0,3,3,4,5,6,11,12,14,16,18,20,25,25,38,46,55,58,61,64,64,71,74,76,78,81,84,86,88,90,89,92,97,97,104,104,104,105,107,107,111,111,117,118,121,121,128,128,130,132,137,138,138,145,150,152,152,154,153,154,158,158,159,158,163,163,166,174,175,176,181,188,190,190,193,195,196,204,209,214,215,216,217,221,221,220,221,220,220,229,232,237,240,243,252,256,258,262,264,269,275,286,299,302,306,318,335,341,346,348,351,358,369,378,382,393,401,406,408,417,419,424,426,429,438,440,445,447,456,460,466,474,475,479,486,496
0,0,0,0,0,0,0,0,0,0,0,0,0,0,0,0,0,0,1,1,1,1,1,1,1,1,1,1,1,1,1,1,1,1,1,5,6,7,10,12,13,14,22,22,22,22,27,29,29,30,34,36,38,38,40,40,43,45,47,48,48,52,54,54,58,58,65,65,71,73,74,76,77,79,82,86,86,91,95,95,104,105,110,122,126,129,140,149,163,172,176,179,184,187,191,196,205,210,223,238,240,250,254,260,264,267,277,283,287,319,334,344,345,352,365,377,385,398,404,418,430,440,446,461,470,478,480,486,504,511,519,528,542,551,561,569,572,580,590,597
0,0,0,0,0,0,1,1,1,2,4,4,11,12,14,19,25,30,35,42,52,58,69,76,76,88,93,96,98,104,108,116,123,133,136,154,172,188,195,202,209,213,219,226,233,233,254,261,265,269,283,290,300,304,306,310,314,321,333,342,342,360,365,370,386,386,422,440,449,461,471,517,526,539,596,643,660,674,687,709,734,778,809,835,850,884,944,979,1026,1050,1060,1084,1105,1153,1170,1197,1264,1313,1380,1419,1444,1476,1510,1552,1611,1668,1723,1756,1798,1954,2034,2075,2098,2143,2194,2271,2329,2432,2476,2590,2633,2683,2739,2797,2840,2900,2929,2961,3024,3051,3081,3131,3193,3235,3267,3327,3362,3403,3418,3475
0,0,0,0,0,0,0,1,1,1,2,3,4,4,4,5,11,12,15,17,22,23,26,27,27,36,39,39,41,44,47,46,48,53,53,63,70,80,85,94,94,95,102,108,112,112,121,130,131,131,142,146,153,154,163,168,173,182,188,192,192,211,219,223,239,239,260,278,285,302,316,335,348,369,381,394,403,411,425,432,443,459,475,507,517,531,549,565,581,586,599,608,618,644,658,673,694,711,732,748,760,773,791,802,814,837,857,878,883,942,975,999,1014,1034,1058,1085,1109,1137,1151,1192,1212,1230,1248,1276,1295,1318,1331,1340,1370,1387,1408,1425,1450,1477,1497,1522,1533,1552,1570,1585
1,1,1,1,2,2,3,3,3,3,4,3,3,5,5,6,7,7,7,9,10,10,11,11,11,12,15,15,17,17,17,20,21,26,28,30,34,38,51,56,59,60,61,68,74,74,82,91,93,93,93,97,100,99,99,100,100,105,107,109,109,110,110,111,116,116,119,119,119,119,120,122,122,123,123,125,127,129,129,130,134,134,134,136,136,136,137,140,138,138,137,137,137,138,138,140,142,142,145,148,148,151,153,154,155,156,158,162,166,173,174,175,177,179,183,185,188,192,192,198,199,199,201,202,204,207,205,206,208,208,208,209,211,217,218,219,222,222,223,224
0,0,0,0,0,0,0,0,0,0,0,0,0,0,0,0,5,5,5,5,5,6,6,6,6,7,7,7,7,7,7,7,7,7,7,7,7,7,7,7,7,7,7,8,9,9,10,10,11,11,12,12,14,14,20,20,20,21,23,23,23,23,23,24,26,26,26,27,27,27,28,30,30,30,34,36,37,39,40,40,42,42,47,47,47,50,51,53,53,54,54,57,60,63,64,65,68,69,77,76,76,76,76,78,80,81,84,87,89,96,100,101,101,103,103,105,106,107,108,108,111,114,116,117,119,120,120,122,123,124,125,127,129,129,129,132,133,133,133,136
0,0,0,0,1,1,1,2,2,3,4,3,5,5,5,7,8,9,11,13,15,17,18,22,22,25,29,29,28,29,30,31,33,35,37,39,46,52,53,56,57,60,60,63,63,63,67,68,70,73,75,77,79,81,83,84,84,88,91,93,93,100,102,105,114,114,131,132,133,137,138,143,144,148,151,161,164,165,174,176,180,188,190,201,206,210,214,222,228,238,246,252,263,282,294,304,316,325,341,356,365,378,394,408,427,451,478,498,518,609,646,669,689,719,748,777,810,844,869,914,938,961,978,993,1011,1031,1043,1056,1077,1095,1097,1115,1143,1154,1177,1199,1208,1224,1238,1257
0,0,0,1,1,1,1,2,2,2,3,1,1,1,1,1,1,5,6,7,7,8,8,10,10,11,11,11,11,11,11,11,12,13,13,14,15,16,16,16,16,16,16,16,16,16,16,17,18,18,19,19,20,21,21,23,23,24,27,27,27,28,28,28,28,28,29,29,30,32,33,33,33,34,34,34,34,34,35,34,34,35,35,36,36,37,37,37,38,39,39,40,41,41,43,44,47,49,49,50,51,52,54,55,57,59,61,66,68,76,76,77,77,77,79,80,82,82,87,88,90,91,91,92,94,97,99,100,100,103,104,108,111,111,115,119,120,120,121,121
0,0,0,3,3,4,4,7,7,7,11,10,10,14,15,18,19,19,19,19,21,21,22,22,22,22,22,21,21,22,22,22,22,24,24,25,26,27,28,30,32,33,34,36,37,37,40,46,46,52,56,56,57,57,57,57,59,63,65,66,66,66,67,67,69,69,71,71,73,73,75,76,77,77,78,80,81,82,82,84,86,86,86,87,88,89,89,88,88,88,89,89,89,90,91,92,94,94,96,97,97,98,100,104,105,108,111,112,114,127,134,138,140,142,143,146,148,149,150,157,157,162,164,165,166,168,171,175,178,180,181,182,184,186,189,190,190,191,193,195
0,0,0,0,0,1,1,2,2,2,2,3,5,6,6,8,9,10,11,13,18,22,23,26,26,28,29,32,34,39,46,48,48,53,55,61,70,77,83,89,91,91,102,107,115,115,135,138,143,146,165,178,181,184,189,189,193,198,207,215,215,228,234,236,241,241,246,250,258,262,271,275,286,293,301,306,319,324,332,337,337,341,343,358,362,364,369,379,384,389,391,399,402,410,415,423,436,442,450,460,465,471,480,487,499,521,535,546,562,599,621,639,647,659,671,689,707,728,733,759,769,789,802,824,831,837,844,852,876,886,905,909,958,971,994,1018,1029,1053,1075,1087
0,0,0,0,0,0,0,0,0,0,0,0,0,0,0,1,1,1,1,1,1,1,1,1,1,1,1,1,1,1,1,1,1,1,1,1,1,1,1,1,4,4,4,4,4,4,6,6,6,6,7,7,7,7,7,7,7,7,8,8,8,8,10,10,10,10,11,12,13,13,14,15,15,16,18,17,19,19,20,20,20,21,21,21,22,23,24,24,24,25,26,26,26,26,26,26,28,28,30,37,39,40,41,48,49,52,53,53,53,58,61,62,63,64,67,68,69,71,74,77,78,80,81,81,82,82,83,84,85,86,86,93,94,94,94,96,98,99,100,102
0,0,0,0,0,1,1,1,1,1,1,0,1,1,1,5,8,9,10,10,13,14,18,21,21,30,29,31,32,32,36,36,37,39,40,43,46,52,55,59,62,62,67,72,79,79,99,100,100,101,106,107,108,108,109,111,111,111,113,115,115,118,119,120,120,120,125,126,127,136,138,141,144,146,148,150,158,160,162,163,162,163,165,167,168,166,166,171,171,172,177,177,182,194,195,196,199,200,203,204,205,206,209,212,214,215,225,226,227,239,244,246,247,251,258,262,265,273,276,282,282,284,287,294,297,299,300,307,312,313,315,316,325,330,330,334,339,339,344,346
0,0,1,1,1,1,1,1,1,1,2,4,8,15,18,25,30,35,42,52,61,70,81,86,86,91,97,105,107,114,121,128,138,145,147,171,195,220,240,251,258,266,297,299,322,322,337,347,365,381,433,446,455,466,475,480,498,516,541,560,560,585,589,602,619,619,647,662,676,711,727,730,749,772,797,809,822,835,864,878,883,883,889,899,912,917,932,969,985,1004,1017,1040,1047,1064,1075,1090,1106,1115,1133,1146,1160,1183,1207,1231,1260,1295,1310,1321,1345,1428,1469,1487,1513,1524,1548,1593,1631,1672,1700,1757,1778,1816,1849,1878,1902,1933,1965,1981,2034,2056,2075,2095,2192,2210,2255,2295,2316,2336,2365,2397
5,5,5,5,6,7,8,8,9,9,14,17,19,23,24,26,29,29,30,33,37,37,38,38,38,44,44,44,44,45,47,50,52,51,51,56,61,65,66,69,69,69,71,71,74,74,77,77,77,78,81,83,85,87,89,90,92,94,96,99,99,104,105,108,113,113,119,133,140,142,145,150,157,160,162,167,171,175,179,181,187,235,261,263,265,270,273,278,283,283,285,285,291,294,299,304,309,310,312,317,319,323,327,329,339,343,349,350,353,366,375,380,388,390,398,400,406,416,425,429,435,442,447,451,453,458,459,463,469,470,473,474,483,488,491,495,498,498,503,505
0,0,0,0,0,0,1,1,1,3,6,0,1,2,1,1,1,1,3,5,9,11,11,11,11,11,12,12,12,13,17,20,24,24,24,24,29,31,38,44,45,46,47,48,48,48,51,50,52,56,57,58,63,65,67,70,84,88,97,101,101,107,107,107,109,109,119,140,142,142,144,145,148,155,156,159,162,164,166,167,173,174,175,178,178,180,182,188,189,191,192,194,193,197,199,200,200,206,209,210,211,223,231,235,237,239,243,247,255,272,280,285,286,292,299,308,316,317,325,330,333,344,352,357,360,367,369,370,377,380,382,389,392,394,396,400,405,408,414,416
0,0,0,0,0,0,0,0,0,0,0,1,1,1,1,1,1,1,5,6,6,6,6,6,6,7,7,7,7,7,7,7,7,7,7,8,9,9,9,9,9,9,9,9,9,9,10,10,10,10,11,11,13,13,13,13,13,14,15,16,16,16,16,16,16,16,16,16,16,16,18,18,19,19,19,20,20,20,20,20,20,20,20,21,21,21,22,23,23,23,23,23,23,23,23,24,24,24,25,26,26,26,27,27,30,31,32,34,34,37,39,39,41,42,44,45,46,47,51,51,55,57,61,65,67,66,68,70,71,72,72,75,76,76,77,80,80,80,83,83
2,1,2,2,2,2,3,4,5,9,14,21,32,34,43,53,63,69,76,85,86,92,101,111,111,125,140,143,145,153,159,163,181,189,194,204,217,220,226,230,233,236,242,245,253,253,270,277,279,283,298,306,308,311,315,315,315,324,327,329,329,337,338,339,341,341,345,344,350,353,356,357,358,363,368,381,388,392,398,405,410,409,410,412,414,417,422,426,435,444,449,453,457,466,471,479,487,492,499,514,521,528,532,542,555,564,582,594,599,649,669,680,693,710,726,739,750,770,792,810,831,846,858,865,885,908,919,928,945,947,958,972,990,1012,1028,1041,1046,1054,1060,1068
0,0,0,1,1,1,1,1,1,1,2,2,2,3,4,5,5,5,7,8,10,12,12,13,13,15,15,15,15,21,21,21,23,24,24,30,35,42,48,50,51,53,59,63,66,66,72,72,73,73,81,82,86,88,89,89,90,93,94,96,96,96,98,100,100,100,105,107,108,112,112,113,116,121,122,124,124,124,128,130,131,131,133,135,135,135,135,137,137,138,141,141,143,146,150,153,155,158,161,165,167,171,173,174,181,183,185,187,188,197,201,203,204,206,209,213,214,215,217,222,224,228,231,234,242,244,246,248,252,252,257,261,271,272,275,275,278,280,281,285
0,0,0,1,1,1,1,1,1,4,6,4,5,5,6,12,14,15,16,15,16,17,20,22,22,24,25,26,26,27,28,28,27,34,35,38,42,45,58,63,64,65,68,73,80,80,84,88,88,88,95,98,101,103,102,105,108,112,116,120,120,128,130,133,135,135,142,143,146,151,158,164,172,180,192,198,206,212,216,216,219,230,231,244,247,249,256,259,262,271,272,273,276,289,291,295,300,306,313,316,320,321,332,341,346,350,353,362,365,387,407,414,418,418,425,432,437,454,457,466,478,483,490,495,504,518,519,521,529,525,531,540,552,560,567,571,575,581,587,599
0,0,0,0,0,0,0,0,0,0,0,0,0,0,0,0,0,0,0,0,0,0,0,0,0,0,0,0,0,0,0,0,1,1,1,1,1,1,1,1,4,7,34,36,35,35,39,40,63,92,91,105,118,4,5,4,4,5,12,12,12,13,14,14,15,15,15,16,17,19,20,21,21,21,23,23,24,25,27,28,28,27,28,28,29,84,23,23,23,23,23,23,23,23,23,23,23,23,23,24,25,25,25,27,29,29,29,29,29,33,34,34,34,34,34,34,34,34,33,35,36,37,37,37,37,39,39,39,39,41,41,42,42,44,44,44,44,44,45,46
0,0,0,0,0,0,0,0,0,1,1,1,1,1,1,1,1,1,1,5,6,7,7,7,7,8,8,8,10,10,10,12,12,14,15,16,22,23,23,25,26,26,26,27,28,28,29,29,30,30,30,31,35,35,35,35,35,37,39,41,41,46,48,51,53,53,64,64,66,70,77,82,85,87,93,94,94,94,96,100,104,108,112,118,120,122,127,131,139,150,152,160,164,178,180,181,183,189,195,202,209,215,225,229,235,238,246,250,256,293,308,316,322,328,335,357,369,384,392,409,417,425,435,447,466,484,487,492,502,508,514,523,528,535,538,543,547,550,555,564
0,0,0,1,3,6,6,7,9,11,12,2,3,4,4,7,8,11,12,17,21,25,28,29,29,31,32,32,32,34,36,38,39,42,44,48,57,61,67,72,74,74,77,79,87,87,90,91,91,91,91,92,93,97,98,99,100,101,103,105,105,107,108,109,110,110,110,111,115,120,121,123,124,127,127,130,133,136,138,142,145,148,150,155,156,159,160,159,164,168,170,170,175,178,179,182,186,190,194,199,199,203,208,211,215,217,221,225,229,241,248,255,258,263,270,276,281,286,294,300,305,312,315,319,324,326,329,335,343,347,361,365,379,384,388,400,400,405,414,425
0,0,0,0,0,0,0,0,0,0,0,13,14,18,19,21,23,23,27,29,30,30,31,32,32,33,34,35,36,38,40,43,44,45,46,52,60,66,67,69,75,84,84,86,101,101,114,125,126,128,132,138,142,152,156,156,170,171,173,174,174,178,179,179,182,182,189,188,190,194,195,197,203,207,207,212,217,217,219,220,221,222,225,225,226,231,235,245,247,250,253,251,251,251,252,259,266,270,277,280,282,286,288,289,291,298,302,303,304,310,313,319,320,323,326,328,330,334,339,344,351,353,356,359,360,366,369,375,379,382,383,385,395,395,395,395,397,400,402,404
0,0,0,1,1,2,2,4,4,4,4,4,6,7,10,13,17,22,26,33,36,38,53,61,61,73,77,80,86,92,96,104,113,117,124,142,172,191,206,222,231,237,252,257,277,277,307,320,332,345,391,401,411,429,435,442,452,472,489,505,505,529,543,552,570,570,593,607,622,629,641,651,664,674,690,717,741,757,771,786,813,821,830,843,864,880,890,904,919,933,947,956,966,994,1011,1025,1046,1057,1079,1108,1114,1139,1159,1166,1186,1206,1216,1230,1243,1306,1340,1358,1375,1385,1416,1443,1466,1499,1510,1533,1552,1574,1590,1622,1632,1662,1684,1693,1745,1758,1782,1801,1878,1906,1927,1953,1971,2000,2031,2055
0,0,0,1,1,1,1,1,1,1,3,1,1,1,1,1,5,7,7,10,12,13,14,15,15,16,15,15,15,18,20,20,23,23,23,26,28,36,40,44,47,47,50,51,54,54,60,59,60,61,68,70,73,73,75,77,77,78,90,92,92,101,104,108,112,112,115,119,120,122,125,126,133,140,145,159,166,170,174,180,182,186,189,195,197,199,208,217,220,223,227,232,235,247,256,267,276,282,291,300,303,307,313,319,326,335,344,352,355,369,385,392,398,407,416,421,427,439,440,450,457,460,465,476,485,490,494,499,506,510,513,517,527,528,533,542,548,551,561,568
0,0,0,0,0,0,0,0,0,0,0,1,1,1,1,1,1,5,5,5,6,7,12,12,12,14,15,16,16,17,18,18,21,21,21,25,25,29,32,34,34,36,36,37,38,38,44,50,51,51,59,60,61,61,61,62,62,63,65,66,66,66,69,69,70,70,74,76,79,79,79,83,83,84,84,85,85,86,86,87,89,90,93,93,93,96,99,102,104,104,107,110,118,123,126,131,132,134,135,141,142,143,146,146,149,156,162,164,165,173,179,181,185,186,189,190,190,193,197,204,208,210,212,215,219,220,222,228,231,232,233,237,246,249,251,253,255,258,261,264
0,0,0,0,0,1,1,1,3,3,5,2,3,5,5,6,7,7,8,11,14,14,16,18,18,21,23,24,27,27,31,33,34,34,35,45,63,70,78,84,87,91,99,102,109,109,119,122,127,130,150,155,164,166,172,173,177,182,190,194,194,220,229,233,238,238,257,260,270,276,278,287,298,310,321,341,351,361,374,383,394,401,414,436,443,457,471,483,498,519,525,538,548,569,576,590,611,631,652,673,680,698,716,734,743,771,791,807,816,875,913,927,933,944,961,977,997,1026,1043,1069,1086,1116,1127,1156,1175,1203,1211,1223,1255,1265,1285,1295,1344,1354,1369,1399,1403,1416,1425,1450
0,0,0,0,0,0,0,0,0,0,0,0,0,0,0,0,0,0,0,0,0,0,0,0,0,0,0,0,0,0,0,0,0,0,0,0,0,0,0,0,0,0,0,0,0,0,1,1,1,1,1,1,1,1,1,1,1,1,1,1,1,1,1,1,1,1,1,1,1,1,2,2,2,2,3,3,3,3,4,4,4,4,21,21,21,21,21,4,4,4,4,5,5,5,5,5,5,5,6,6,8,9,9,9,11,14,14,14,14,13,13,13,13,13,14,14,14,14,14,15,16,16,17,18,20,20,20,8,8,8,8,8,9,9,8,9,9,9,8,8
0,0,1,1,2,1,1,1,1,1,1,1,2,3,3,3,4,4,6,7,8,9,9,10,10,12,13,13,13,13,13,14,15,15,15,16,19,19,20,21,22,22,22,23,23,23,23,23,23,23,24,25,25,25,27,27,27,30,30,30,30,32,32,33,34,34,35,35,35,36,38,43,44,45,44,46,47,49,50,51,52,52,52,54,55,54,55,56,60,61,63,63,63,65,66,70,71,71,74,77,79,85,86,86,92,94,97,101,104,124,127,129,130,134,136,141,142,147,150,155,158,160,162,165,171,174,178,181,183,188,191,192,196,197,201,205,207,208,210,213
0,0,0,0,0,0,0,0,0,0,0,0,0,0,0,0,0,1,1,1,7,8,12,13,13,18,18,20,20,22,22,24,25,27,27,34,36,36,37,37,39,40,40,41,43,43,46,47,48,49,51,52,52,56,57,57,57,60,61,64,64,69,69,71,79,79,89,94,95,97,98,112,113,116,126,135,137,138,139,143,147,147,150,154,156,162,167,176,179,182,186,187,196,198,200,205,215,225,233,239,247,249,254,258,269,276,282,288,294,316,330,332,341,355,362,376,387,395,402,425,433,438,446,455,460,472,475,479,485,487,491,503,513,520,525,528,530,533,536,542
0,0,0,0,0,0,0,0,0,1,1,1,1,2,2,7,7,11,12,14,15,16,19,20,20,24,27,27,29,29,30,30,36,39,40,50,56,62,66,68,76,77,83,85,92,92,98,105,110,115,121,132,134,135,140,143,143,152,152,156,156,167,170,176,183,183,202,215,222,226,241,258,268,281,297,311,319,326,336,345,352,360,376,390,395,404,413,430,444,463,468,472,489,505,508,516,533,553,578,596,607,628,643,656,675,697,718,724,744,799,827,844,855,872,900,917,931,967,980,1021,1047,1067,1091,1111,1135,1149,1158,1164,1192,1207,1224,1256,1292,1319,1341,1363,1372,1378,1402,1414
1,1,1,1,1,2,1,1,3,4,6,6,7,7,9,12,14,15,16,20,21,25,26,30,30,34,41,42,44,50,51,53,58,58,60,69,75,78,82,86,94,101,103,105,111,111,122,123,126,126,140,140,142,142,147,148,149,152,156,157,157,163,164,167,168,168,174,177,179,182,187,196,202,207,215,223,236,240,241,245,249,252,272,280,285,288,288,292,300,308,308,315,320,329,335,341,345,347,365,368,367,372,378,383,394,405,414,419,426,444,459,469,473,480,487,499,504,522,529,541,546,551,558,568,574,587,591,599,608,612,616,623,642,651,662,671,674,681,689,699
0,0,0,0,0,0,0,0,0,0,0,5,6,7,8,9,11,11,15,18,20,20,21,23,23,28,29,29,29,30,31,31,31,31,32,35,39,48,48,50,52,53,54,56,60,60,63,65,65,65,65,68,72,74,75,75,76,79,79,80,80,82,84,85,88,88,90,90,95,96,96,98,100,100,101,101,102,104,105,106,109,111,114,114,115,119,120,121,123,127,127,127,127,127,133,133,134,135,139,143,145,150,152,152,159,163,165,168,172,182,184,190,194,196,200,203,205,210,214,218,220,222,228,235,238,241,244,248,252,257,258,261,264,272,276,283,284,287,297,297
0,0,0,0,0,1,1,1,1,2,4,5,5,6,7,7,7,7,8,9,12,15,16,17,17,26,35,39,40,46,48,50,56,58,59,62,72,81,89,98,104,104,114,119,123,123,133,139,141,143,147,151,158,164,168,172,175,181,190,193,193,202,205,208,221,221,252,262,270,282,287,303,312,320,344,360,363,371,383,393,422,433,444,455,461,469,480,490,513,530,538,549,562,579,589,605,636,665,694,729,744,780,802,835,882,920,974,1000,1027,1181,1243,1282,1303,1329,1379,1442,1483,1537,1577,1637,1659,1704,1737,1758,1795,1834,1852,1878,1904,1940,1970,2004,2053,2079,2107,2132,2149,2162,2172,2193
3,3,3,3,3,4,4,4,4,4,4,5,5,6,7,10,10,11,12,15,18,18,19,21,21,21,23,23,23,23,24,26,26,29,29,30,35,38,43,45,45,46,48,46,48,48,53,54,56,59,62,65,69,74,75,76,76,79,80,84,84,107,109,113,117,117,126,128,128,128,128,129,130,133,135,143,146,147,150,151,149,150,152,153,158,159,166,171,172,171,174,178,180,181,182,183,190,194,195,200,202,208,208,210,212,218,221,227,234,243,248,250,253,259,264,265,271,278,279,285,293,298,303,315,320,326,328,333,346,349,352,352,366,373,375,380,381,387,391,394
5,8,11,12,15,18,19,23,31,31,35,42,50,52,53,56,64,68,73,81,83,86,96,98,98,101,102,102,102,102,105,107,107,109,110,114,120,125,129,130,130,131,133,134,135,135,137,139,139,139,141,141,142,144,146,146,147,148,150,151,151,154,156,158,160,160,165,166,167,170,172,173,177,179,179,183,185,186,188,188,188,188,188,189,189,193,193,198,197,198,199,201,203,210,210,213,216,218,225,230,232,234,240,242,246,255,264,271,276,292,300,304,307,314,321,334,341,351,354,364,368,373,380,389,394,399,400,403,407,409,412,416,420,424,427,431,433,433,435,440
0,0,1,2,3,3,3,4,4,4,5,9,13,18,19,20,22,24,25,27,29,31,32,35,35,34,34,34,34,34,37,37,38,39,40,43,46,49,49,50,51,51,51,53,55,55,58,59,61,61,61,61,61,61,64,64,64,64,64,65,65,64,66,66,66,66,69,69,70,72,74,74,74,79,80,82,82,83,84,85,85,90,91,91,91,93,95,96,97,99,101,101,103,108,112,118,126,128,134,157,161,166,171,173,179,187,193,200,208,227,238,242,251,256,258,265,272,282,296,306,313,315,318,322,327,334,337,340,346,347,350,355,363,367,373,377,385,386,389,391
0,0,0,0,0,0,0,0,0,0,0,0,0,0,0,0,1,1,1,1,1,1,1,1,1,6,6,6,6,6,6,6,6,6,6,6,7,7,8,9,10,13,13,15,15,15,17,18,18,19,19,19,20,24,26,27,27,27,29,29,29,31,32,32,33,33,34,35,35,36,37,43,43,43,45,47,47,46,45,46,47,48,48,50,51,53,53,54,59,60,61,63,63,63,63,64,67,68,84,94,98,103,108,115,120,123,128,133,141,168,174,176,179,183,192,199,203,214,217,225,231,231,235,240,247,249,251,253,257,260,262,263,270,272,272,274,278,279,280,283
1,2,2,3,3,3,3,3,3,5,7,8,12,17,17,17,18,18,22,23,24,25,25,28,28,31,32,32,32,38,39,40,42,43,44,46,53,54,56,57,58,58,59,61,66,66,66,66,70,71,72,74,76,76,78,78,79,80,81,82,82,82,84,84,85,85,86,88,88,91,91,92,92,92,93,94,95,95,99,102,103,105,107,107,110,111,113,115,118,123,123,122,125,127,127,127,131,136,138,143,147,148,152,156,158,162,167,170,172,196,208,211,213,222,223,227,232,236,239,243,244,249,254,254,258,262,261,264,268,269,271,274,280,287,289,295,296,295,300,301
0,0,0,0,0,1,1,1,1,1,1,1,2,5,7,10,13,20,23,27,31,34,37,40,40,48,55,56,64,76,84,90,97,104,114,127,150,164,178,198,204,212,225,230,236,236,256,264,281,294,315,326,334,338,353,360,382,406,439,456,456,489,499,505,529,529,568,580,599,616,637,679,693,703,714,754,764,770,783,794,830,842,861,908,917,930,944,976,990,1007,1018,1027,1060,1114,1124,1140,1160,1177,1207,1239,1250,1285,1293,1304,1322,1346,1372,1390,1406,1443,1463,1476,1485,1497,1510,1531,1549,1576,1583,1608,1625,1638,1656,1690,1717,1750,1761,1780,1801,1806,1814,1841,1876,1897,1919,1936,1947,1961,1976,1996
0,0,0,0,0,0,0,0,0,0,0,0,0,0,0,1,1,1,1,1,1,1,1,5,5,6,6,6,6,6,6,6,6,6,6,6,6,6,6,6,6,6,6,6,6,6,6,6,6,6,6,6,6,6,6,6,6,6,6,6,6,6,6,6,6,6,6,6,6,6,6,6,6,6,6,6,6,6,6,6,6,6,6,6,6,6,6,7,7,7,7,7,7,7,7,7,7,7,7,7,7,8,8,8,8,8,8,8,10,10,10,10,10,11,13,14,14,14,14,14,14,17,17,17,19,20,21,21,21,21,22,22,22,22,22,22,22,22,22,22
0,0,0,2,5,5,5,6,6,9,11,16,17,22,26,28,26,25,27,27,27,27,29,30,30,33,34,34,35,34,36,37,38,38,38,41,42,42,43,43,43,43,45,45,47,47,49,52,52,52,53,54,55,56,56,56,58,58,58,59,59,61,60,60,61,61,61,60,62,64,65,66,66,67,67,71,71,71,71,74,76,77,78,80,80,83,85,86,86,90,92,92,95,95,97,100,104,105,107,110,112,114,117,122,128,131,135,136,137,148,152,154,156,164,167,174,176,177,182,194,196,197,202,202,208,215,217,219,225,225,227,228,236,241,244,252,254,257,258,267
0,0,0,2,2,2,2,2,3,3,3,4,6,8,8,12,15,16,16,21,23,25,30,32,32,44,50,51,52,51,56,59,64,66,66,71,80,84,85,89,95,99,105,108,112,112,118,123,124,130,141,149,162,163,166,168,175,188,197,201,201,210,214,214,228,228,259,264,268,271,273,292,295,300,312,322,327,330,336,340,355,373,377,381,385,395,402,415,425,440,447,462,467,476,485,497,507,520,536,565,567,579,598,624,648,681,720,737,761,862,904,937,959,998,1025,1060,1093,1133,1151,1192,1217,1253,1276,1312,1332,1376,1394,1410,1450,1464,1476,1490,1514,1531,1563,1577,1583,1591,1601,1615
0,0,0,0,0,0,0,0,1,1,1,1,1,1,2,2,5,6,8,10,12,14,15,19,19,20,21,21,21,23,26,26,25,25,25,27,33,37,37,39,41,42,41,42,48,48,52,56,61,63,65,67,70,74,82,82,85,91,96,101,101,113,116,121,124,124,133,140,152,155,175,185,193,200,208,217,228,239,252,267,273,288,297,304,311,316,327,342,347,359,363,371,378,392,400,402,416,429,446,471,478,493,508,522,544,554,570,585,594,655,680,688,699,717,737,754,774,795,797,828,837,854,878,890,913,931,937,948,967,975,984,1013,1035,1052,1066,1084,1089,1099,1107,1113
0,0,0,0,0,0,1,3,4,4,5,5,7,10,10,12,13,13,16,19,19,20,21,22,22,28,32,33,33,34,40,42,43,49,49,55,60,61,66,67,73,73,78,85,88,88,97,98,103,105,116,118,122,122,125,127,131,133,135,139,139,149,155,156,161,161,174,182,185,195,209,225,225,231,238,262,279,289,296,301,308,313,322,335,341,342,354,365,376,391,399,401,408,415,419,435,454,461,476,492,502,509,520,527,549,569,598,604,621,677,700,722,727,747,772,807,817,844,868,889,909,930,949,972,995,1016,1021,1032,1061,1073,1087,1100,1122,1151,1173,1196,1200,1209,1222,1233
0,0,0,0,1,1,1,1,2,3,3,3,8,9,9,10,11,15,18,25,29,35,37,39,39,43,44,44,49,55,55,58,62,67,67,73,84,95,104,114,118,119,129,135,148,148,163,165,175,178,189,195,199,199,205,205,210,213,219,220,220,230,238,240,240,240,253,256,266,267,271,276,282,283,286,295,301,309,318,325,327,328,330,330,337,345,352,356,361,367,369,370,372,374,381,389,396,402,411,423,427,433,441,447,459,476,486,496,506,537,555,558,561,574,587,600,612,632,640,669,679,698,711,740,746,757,761,765,790,801,813,816,843,858,865,887,896,907,919,928
0,2,3,3,4,5,5,7,8,11,14,14,18,19,22,25,29,33,36,43,47,53,54,55,55,62,67,68,69,69,77,78,80,82,84,90,93,96,96,99,102,102,103,103,106,106,110,111,118,119,127,128,129,128,129,130,131,132,134,134,134,142,145,146,146,146,148,148,149,149,151,154,155,157,158,162,166,169,171,174,174,178,180,181,186,191,194,197,200,200,206,206,208,210,216,222,232,236,241,250,253,262,270,276,285,300,306,308,320,348,372,373,378,383,390,404,413,426,437,461,472,491,506,524,532,546,557,563,586,591,598,601,623,629,631,640,645,648,651,668
