0,0,0,0,0,0,0,0,0,0,0,0,0,0,0,0,0,1,2,3,4,5,6,7,8,13,18,23,24,25,26,27,32,37,42,48,56,64,72,80,88,96,104,112,120,128,136,144,152,160,168,176,184,192,200,208,216,224,232,241,250,260,270,280,290,300,310,320,331,342,353,364,375,386,397,408,419,430,441,452,463,474,487,500,513,528,544,560,576,592,611
0,0,0,0,0,0,0,0,0,0,0,1,2,3,4,9,17,25,37,48,61,74,87,102,117,132,147,162,177,193,209,225,241,257,273,289,306,325,345,367,389,413,437,463,489,515,542,571,600,629,660,691,723,755,787,819,852,885,918,951,984,1019,1056,1093,1130,1167,1207,1248,1290,1333,1377,1425,1475,1526,1577,1630,1685,1740,1796,1852,1908,1964,2022,2081,2140,2200,2260,2325,2393,2462,2533
0,0,0,0,0,0,0,1,4,7,12,18,27,36,45,56,66,80,96,113,131,149,168,187,206,226,246,266,286,307,328,350,372,396,420,446,475,504,533,562,591,621,651,681,712,743,774,805,836,867,898,929,960,991,1022,1053,1084,1116,1148,1181,1214,1247,1280,1313,1346,1379,1412,1445,1478,1511,1546,1581,1616,1651,1686,1721,1756,1791,1826,1861,1896,1931,1966,2001,2036,2072,2108,2144,2181,2219,2257
0,0,0,0,0,0,0,0,0,0,0,0,0,0,0,0,0,0,0,0,1,2,3,4,5,6,7,8,9,10,11,12,13,14,15,16,17,18,19,20,21,22,23,24,25,26,27,28,29,30,31,32,34,36,38,40,43,46,49,52,55,59,63,67,71,75,81,87,93,99,105,112,119,127,135,144,153,162,171,180,189,199,209,219,229,239,249,258,267,276,285
2,3,4,6,9,12,15,19,24,30,38,46,56,66,77,90,103,118,135,154,175,197,221,247,273,305,338,371,405,440,477,515,555,597,641,688,739,801,866,934,1002,1070,1145,1227,1308,1389,1474,1560,1647,1734,1833,1935,2041,2151,2264,2380,2500,2630,2765,2904,3043,3191,3340,3489,3642,3795,3958,4128,4300,4473,4646,4828,5014,5205,5400,5604,5819,6039,6265,6491,6719,6950,7188,7436,7685,7937,8193,8459,8735,9017,9303
0,1,0,0,3,6,9,14,19,24,30,39,49,59,69,81,95,111,127,145,170,196,224,255,286,320,357,394,431,469,508,547,588,631,675,721,772,826,880,937,996,1057,1119,1185,1251,1317,1386,1456,1527,1598,1674,1754,1840,1926,2019,2118,2219,2324,2438,2553,2668,2792,2916,3040,3166,3292,3421,3553,3688,3826,3965,4108,4251,4395,4541,4694,4849,5006,5163,5320,5484,5649,5815,5984,6154,6327,6501,6679,6857,7037,7218
1,2,4,6,8,10,12,15,19,23,29,35,43,52,61,71,83,95,108,121,135,151,168,185,202,221,241,263,285,308,333,359,386,414,442,472,504,538,572,606,640,676,712,749,787,825,864,907,950,994,1040,1088,1138,1189,1241,1294,1348,1407,1469,1532,1595,1660,1725,1790,1856,1922,1991,2061,2133,2205,2280,2360,2440,2520,2602,2685,2772,2860,2951,3045,3139,3234,3331,3430,3530,3632,3734,3838,3943,4049,4155
0,0,0,0,0,0,0,0,0,1,3,5,9,14,19,26,33,40,50,63,78,95,115,135,155,178,202,226,252,281,315,350,390,432,474,525,581,647,717,791,867,943,1029,1120,1225,1330,1441,1557,1677,1798,1940,2084,2231,2378,2529,2680,2841,3013,3190,3372,3554,3747,3947,4151,4359,4567,4784,5008,5249,5497,5748,6006,6269,6540,6819,7107,7398,7691,7987,8283,8578,8874,9171,9476,9784,10093,10404,10728,11056,11390,11729
0,0,0,0,0,0,0,0,0,0,0,1,2,3,4,5,6,7,8,9,10,11,12,13,14,15,20,25,30,35,40,47,57,67,77,87,98,110,122,134,147,160,173,186,200,214,228,242,256,270,285,300,315,330,345,360,375,390,407,426,445,465,485,506,527,548,570,595,621,647,675,705,735,766,799,834,870,908,949,991,1033,1074,1117,1161,1206,1254,1303,1353,1408,1466,1525
0,0,0,0,0,0,1,2,3,4,7,0,0,0,0,0,0,0,0,0,0,0,0,0,0,0,0,0,0,0,0,0,0,0,0,0,0,0,0,0,0,0,0,0,0,0,0,0,0,0,0,0,0,0,0,0,0,0,0,0,0,0,0,0,0,0,0,0,0,0,0,0,0,0,0,0,0,0,0,0,0,0,0,0,0,0,0,0,0,0,0
0,0,0,0,0,0,0,0,0,0,0,0,1,2,3,4,5,6,7,8,14,21,29,38,47,55,63,71,80,89,98,107,117,128,139,155,172,191,210,230,251,272,294,317,342,367,397,431,465,499,533,567,601,635,669,703,737,775,813,852,891,930,971,1012,1053,1094,1137,1183,1230,1277,1325,1373,1424,1475,1526,1577,1629,1681,1733,1785,1837,1889,1941,1993,2045,2097,2149,2203,2258,2314,2370
0,0,0,0,0,0,0,0,0,0,0,0,0,0,0,0,0,0,0,0,0,0,0,0,0,1,2,3,4,5,6,7,12,17,22,27,33,40,48,57,69,82,95,108,121,134,147,160,173,186,199,212,226,240,254,268,282,296,310,324,338,352,367,382,397,412,431,451,471,491,511,534,557,581,606,635,665,697,729,762,794,827,863,899,936,976,1017,1057,1098,1140,1182
0,0,0,0,0,0,0,0,0,0,1,2,3,5,8,13,20,28,36,44,57,70,84,98,112,130,149,169,189,210,232,254,276,298,320,343,374,411,451,496,544,593,648,709,777,845,916,988,1065,1144,1227,1316,1412,1508,1609,1710,1813,1919,2030,2144,2258,2375,2493,2612,2733,2854,2982,3113,3247,3386,3528,3681,3840,4002,4169,4345,4528,4711,4900,5098,5307,5519,5735,5956,6182,6413,6646,6893,7149,7419,7692
0,0,0,0,0,0,0,0,0,0,0,0,0,0,0,2,5,10,17,26,36,47,58,70,82,100,122,147,175,206,240,275,312,352,393,437,489,546,608,675,745,817,890,967,1050,1133,1222,1316,1416,1523,1639,1763,1889,2017,2161,2310,2462,2620,2788,2966,3144,3335,3527,3722,3929,4136,4360,4595,4843,5104,5375,5661,5955,6258,6583,6921,7268,7625,7992,8368,8750,9143,9548,9955,10367,10786,11213,11658,12122,12606,13100
0,0,0,0,0,0,0,0,0,0,0,6,14,23,32,43,55,67,80,95,113,131,151,171,191,212,233,254,275,296,317,338,360,382,405,430,456,483,510,538,566,594,622,651,679,707,736,765,794,824,854,884,915,946,977,1008,1039,1070,1102,1134,1166,1198,1230,1262,1294,1326,1359,1392,1425,1459,1493,1527,1562,1597,1633,1669,1705,1741,1777,1815,1853,1891,1929,1967,2005,2043,2082,2121,2160,2199,2238
0,0,0,0,0,0,0,0,0,0,2,6,11,17,28,40,52,66,80,96,116,138,162,190,218,253,290,327,368,424,488,559,634,712,792,885,989,1098,1210,1327,1443,1559,1676,1795,1916,2037,2169,2304,2441,2578,2715,2857,3001,3147,3298,3451,3605,3768,3945,4122,4299,4482,4667,4854,5052,5250,5482,5723,5968,6225,6484,6769,7063,7363,7682,8019,8361,8709,9059,9418,9799,10199,10607,11019,11433,11859,12296,12753,13221,13700,14186
0,0,0,0,0,0,0,0,0,3,6,7,8,9,11,15,20,25,33,43,55,66,78,95,112,135,161,189,222,257,296,337,383,435,489,547,610,680,755,835,917,999,1083,1173,1270,1367,1473,1582,1691,1801,1918,2039,2164,2293,2426,2559,2695,2835,2984,3136,3288,3446,3605,3767,3938,4109,4303,4507,4716,4935,5158,5415,5675,5941,6226,6537,6857,7181,7516,7855,8208,8566,8925,9293,9667,10060,10458,10874,11303,11738,12186
0,0,0,0,0,0,1,4,7,14,22,32,44,58,75,95,118,142,168,198,230,267,306,348,390,438,488,538,588,640,695,752,813,875,941,1015,1093,1180,1279,1381,1485,1591,1702,1816,1938,2060,2197,2336,2475,2617,2772,2930,3092,3263,3442,3622,3804,3992,4208,4431,4654,4890,5137,5392,5652,5912,6212,6515,6824,7142,7473,7830,8191,8559,8941,9343,9756,10177,10604,11039,11478,11924,12381,12852,13330,13822,14325,14842,15369,15915,16469
0,0,0,0,0,0,0,0,0,0,0,14,31,49,68,88,110,133,156,180,205,230,256,282,308,334,360,386,412,438,464,490,516,543,571,602,633,664,695,726,757,789,821,853,885,917,949,981,1013,1046,1080,1114,1147,1180,1214,1248,1283,1318,1353,1388,1423,1459,1495,1531,1567,1603,1639,1676,1713,1750,1787,1824,1861,1898,1935,1972,2009,2046,2083,2120,2157,2194,2231,2268,2305,2342,2379,2420,2461,2502,2543
1,2,6,10,15,22,30,42,54,67,82,103,124,148,176,211,250,295,348,408,473,538,608,679,750,821,894,968,1042,1118,1196,1274,1352,1432,1512,1606,1705,1805,1907,2010,2113,2217,2322,2427,2533,2639,2747,2857,2969,3082,3196,3312,3427,3543,3661,3780,3899,4019,4139,4262,4385,4509,4634,4759,4884,5009,5135,5263,5391,5519,5649,5783,5918,6055,6193,6332,6470,6609,6748,6888,7029,7173,7319,7466,7615,7765,7917,8072,8230,8395,8564
0,0,0,2,4,9,15,22,29,37,47,55,65,76,87,100,115,130,146,162,179,196,214,233,252,271,291,311,331,352,374,396,419,442,465,493,522,552,582,612,642,672,702,732,762,792,823,856,889,922,955,988,1021,1054,1087,1120,1154,1188,1222,1256,1290,1324,1358,1392,1426,1460,1493,1526,1560,1594,1630,1667,1704,1741,1778,1815,1852,1889,1926,1963,2000,2037,2074,2113,2152,2191,2231,2273,2315,2358,2401
0,0,0,0,0,0,0,0,0,0,0,0,0,0,0,0,0,0,0,0,0,0,0,0,0,0,0,0,0,1,2,3,4,5,6,7,8,9,10,11,12,13,14,15,16,17,18,19,20,21,22,23,24,25,27,29,31,33,35,37,39,41,43,45,47,49,52,55,58,61,64,67,70,73,76,79,82,85,89,93,97,101,105,109,113,117,121,125,129,133,137
0,1,3,16,32,50,73,100,131,165,207,237,268,301,335,371,410,452,496,542,591,640,689,741,793,846,899,952,1006,1061,1118,1176,1234,1292,1350,1409,1470,1532,1594,1656,1719,1782,1845,1909,1974,2039,2104,2169,2234,2299,2365,2431,2498,2566,2634,2703,2772,2842,2912,2983,3054,3128,3202,3276,3350,3424,3498,3572,3647,3722,3797,3872,3947,4025,4103,4184,4265,4346,4428,4510,4593,4678,4763,4848,4934,5020,5106,5194,5282,5372,5462
0,0,0,1,2,3,5,7,9,12,18,25,42,61,82,109,148,189,239,300,370,447,526,609,692,788,888,990,1093,1201,1313,1430,1551,1685,1819,1960,2111,2281,2469,2672,2880,3099,3321,3547,3781,4015,4256,4508,4764,5024,5294,5577,5865,6156,6455,6758,7062,7376,7694,8023,8352,8694,9039,9389,9745,10101,10464,10832,11202,11573,11953,12343,12736,13130,13525,13924,14326,14730,15135,15540,15948,16356,16765,17183,17602,18026,18452,18883,19319,19760,20203
0,0,0,1,2,3,5,8,12,16,21,28,38,48,59,72,85,98,114,130,150,170,190,210,230,253,276,299,324,350,376,402,428,454,479,508,537,568,599,632,666,700,734,769,804,839,877,915,958,1002,1048,1094,1141,1188,1235,1282,1329,1377,1425,1474,1523,1573,1624,1675,1726,1777,1829,1881,1934,1987,2045,2103,2162,2221,2282,2346,2415,2496,2580,2665,2751,2838,2928,3020,3112,3206,3301,3397,3495,3593,3692
0,0,0,0,0,0,1,3,5,7,10,12,15,18,22,29,39,55,75,104,136,175,221,274,327,390,462,538,617,702,795,887,986,1089,1197,1320,1465,1632,1819,2011,2208,2408,2624,2847,3093,3339,3624,3911,4227,4545,4893,5248,5610,5975,6345,6717,7095,7479,7875,8281,8687,9107,9532,9960,10391,10822,11263,11706,12155,12607,13066,13538,14021,14507,14996,15497,16004,16514,17041,17578,18121,18669,19221,19783,20349,20925,21508,22100,22701,23310,23926
0,0,0,0,0,0,0,0,0,0,0,7,16,29,44,60,77,94,118,142,168,196,223,251,279,307,336,366,396,426,459,496,537,582,630,682,736,792,848,906,965,1027,1091,1156,1221,1286,1350,1419,1489,1559,1629,1698,1766,1833,1900,1968,2037,2106,2177,2248,2319,2390,2461,2532,2603,2674,2746,2818,2890,2964,3040,3116,3192,3269,3347,3426,3505,3586,3668,3751,3835,3924,4013,4104,4195,4288,4381,4474,4567,4660,4753
0,0,0,1,2,3,4,5,7,9,11,14,18,22,25,28,31,35,39,44,49,55,61,67,73,81,89,98,107,116,125,134,143,153,163,174,186,202,218,235,253,271,289,307,327,347,368,389,410,432,454,476,501,664,834,1006,1178,1387,1616,1869,2122,2389,2665,2941,3221,3501,3788,4080,4381,4684,5000,5321,5643,5983,6425,6997,7639,8332,9087,9908,10838,11883,13014,14240,15479,16784,18282,19926,21627,23347,25066
0,0,0,5,9,13,17,21,27,34,43,49,57,65,74,87,104,121,140,161,184,207,230,253,276,300,327,354,381,408,435,461,487,513,540,568,597,627,657,687,717,747,777,807,837,867,897,927,957,987,1017,1047,1077,1107,1138,1169,1201,1233,1266,1298,1330,1363,1396,1430,1461,1492,1524,1555,1587,1619,1651,1683,1715,1748,1782,1816,1850,1884,1919,1954,1990,2026,2062,2100,2138,2177,2217,2257,2297,2337,2378
0,0,0,0,0,1,3,5,7,9,11,12,13,17,22,28,36,46,57,72,92,115,142,171,200,230,262,294,327,360,394,428,463,500,538,578,620,664,709,756,803,851,899,948,998,1048,1100,1155,1211,1268,1328,1388,1451,1515,1582,1651,1720,1794,1872,1954,2036,2119,2205,2293,2384,2475,2573,2673,2777,2884,2992,3106,3222,3340,3460,3584,3709,3838,3967,4097,4229,4364,4500,4638,4776,4917,5061,5210,5361,5514,5667
0,0,0,0,0,0,0,0,0,0,1,4,8,16,26,40,58,78,97,118,142,169,197,227,257,292,328,364,401,438,476,514,556,600,644,692,746,804,864,930,998,1068,1140,1215,1301,1387,1483,1584,1688,1794,1904,2015,2130,2246,2363,2481,2603,2734,2870,3011,3152,3303,3456,3612,3770,3928,4088,4253,4422,4594,4767,4947,5128,5312,5500,5693,5893,6094,6298,6503,6710,6920,7132,7345,7560,7779,7999,8220,8446,8676,8907
0,0,0,0,0,0,0,0,0,0,0,1,2,3,8,14,22,31,41,51,61,72,83,94,105,116,127,138,149,161,173,185,197,209,221,234,249,264,280,296,312,328,344,360,377,394,412,430,448,466,484,502,520,538,556,574,592,610,628,647,666,685,704,723,742,761,780,800,820,840,860,880,900,921,942,964,986,1008,1030,1052,1074,1096,1118,1140,1162,1184,1206,1228,1250,1272,1294
0,0,0,0,0,0,0,0,0,0,0,0,0,0,0,1,2,3,4,5,6,7,8,9,10,11,12,13,14,15,16,17,18,19,20,21,22,23,28,35,43,52,61,70,79,88,97,106,115,124,133,142,152,162,172,182,192,202,214,227,240,254,268,282,297,312,327,343,360,376,394,414,435,456,477,500,524,549,574,600,626,652,678,704,730,759,788,817,846,875,904
0,0,0,0,0,0,0,0,0,0,0,1,2,3,4,6,9,12,16,19,24,30,36,44,52,62,72,84,96,109,122,135,149,164,179,195,214,235,256,278,300,322,344,366,390,414,438,462,486,510,537,564,591,619,648,677,706,736,766,796,826,856,887,919,951,983,1016,1049,1083,1118,1153,1189,1227,1265,1305,1347,1392,1437,1486,1540,1596,1654,1712,1771,1830,1890,1956,2023,2091,2161,2233
0,0,0,0,0,0,0,0,0,0,0,0,0,0,1,2,3,0,0,0,0,0,0,0,0,4,5,6,7,8,9,14,19,24,30,37,46,56,66,76,86,96,106,117,128,139,152,165,178,191,203,217,231,246,263,282,301,322,344,366,388,410,432,455,484,513,554,596,639,685,731,788,846,904,975,1050,1126,1206,1285,1366,1450,1535,1621,1712,1803,1898,1997,2109,2228,2349,2473
0,0,0,0,0,0,0,1,2,4,9,16,25,36,49,65,84,108,134,165,199,235,273,317,361,415,476,540,605,675,747,826,909,994,1085,1200,1326,1466,1622,1789,1962,2137,2320,2510,2707,2904,3115,3331,3549,3773,4015,4269,4529,4795,5070,5350,5637,5932,6245,6566,6887,7239,7597,7962,8349,8736,9155,9583,10026,10487,10966,11468,11980,12508,13062,13652,14262,14896,15548,16224,16925,17650,18398,19173,19969,20785,21623,22486,23380,24299,25234
0,0,0,1,2,3,4,5,8,11,15,18,21,27,35,42,51,62,73,87,105,127,151,179,207,242,280,323,369,420,474,529,586,643,701,764,830,901,978,1058,1140,1224,1310,1396,1486,1576,1671,1766,1867,1968,2069,2170,2274,2379,2486,2594,2702,2814,2929,3046,3163,3285,3412,3540,3671,3802,3938,4075,4216,4358,4502,4656,4810,4966,5128,5296,5474,5655,5838,6027,6223,6426,6632,6845,7063,7281,7505,7736,7973,8217,8465
0,0,0,0,0,0,0,0,0,0,0,1,2,3,4,5,13,22,32,44,59,75,93,112,131,151,172,193,214,237,261,286,312,339,366,396,436,485,539,593,648,708,768,831,898,965,1039,1117,1197,1277,1360,1451,1544,1640,1738,1836,1934,2033,2142,2254,2366,2481,2597,2715,2842,2969,3116,3269,3427,3592,3760,3960,4161,4363,4582,4834,5089,5350,5615,5882,6157,6443,6734,7030,7329,7632,7943,8261,8595,8938,9282
2,4,6,9,13,17,21,26,33,39,47,53,60,69,83,98,115,134,154,177,203,230,259,288,317,348,379,410,442,476,510,546,582,619,657,697,741,786,835,888,944,1002,1060,1118,1178,1238,1304,1371,1438,1506,1591,1679,1769,1862,1956,2072,2190,2308,2429,2550,2671,2798,2926,3054,3183,3312,3446,3581,3716,3852,3989,4126,4264,4408,4555,4705,4864,5025,5186,5347,5508,5670,5832,5996,6160,6323,6487,6653,6821,6993,7168
0,0,0,0,0,0,0,0,0,0,0,0,0,0,1,2,3,4,5,6,7,12,17,22,27,32,37,42,47,52,57,62,67,73,79,85,91,97,103,109,115,122,129,136,143,150,157,165,173,181,191,201,211,221,231,241,251,262,273,284,295,307,319,331,343,355,367,379,391,403,415,428,442,457,473,489,505,521,537,553,569,585,601,617,633,649,665,683,701,719,737
0,0,0,0,0,2,4,6,9,14,23,32,42,54,68,84,101,121,143,168,195,222,251,280,309,340,372,404,437,473,509,545,581,619,657,697,740,783,827,871,916,962,1008,1054,1101,1148,1198,1249,1301,1354,1410,1468,1526,1584,1642,1700,1758,1816,1875,1936,1997,2059,2121,2184,2247,2310,2375,2441,2508,2576,2645,2714,2786,2860,2937,3016,3096,3177,3259,3343,3427,3511,3595,3683,3771,3859,3947,4036,4129,4225,4321
0,0,0,0,0,0,0,0,0,0,0,0,0,0,0,0,0,0,0,0,0,1,2,3,4,5,6,7,8,9,10,11,12,13,14,15,16,17,18,19,21,23,25,27,30,33,36,39,42,45,48,52,56,60,64,68,72,76,81,86,91,96,101,106,111,116,121,126,131,136,142,148,154,160,166,172,178,184,190,196,202,208,214,220,226,232,238,244,250,256,262
2,4,6,8,10,12,14,16,18,20,22,24,26,29,32,35,41,48,56,67,79,92,106,120,134,152,171,191,211,233,255,276,298,320,343,367,392,420,451,483,516,549,583,617,651,685,719,753,788,824,861,899,938,979,1021,1065,1109,1153,1198,1244,1290,1337,1386,1435,1485,1535,1589,1644,1699,1755,1811,1868,1926,1986,2049,2113,2177,2245,2315,2387,2462,2538,2616,2695,2775,2856,2939,3023,3110,3197,3285
0,0,0,0,0,0,0,0,1,6,16,28,46,65,90,121,158,201,248,300,368,439,518,602,686,780,880,981,1083,1189,1300,1414,1532,1656,1782,1919,2066,2221,2391,2570,2752,2939,3132,3327,3538,3749,3973,4206,4441,4677,4921,5174,5438,5709,5988,6277,6571,6877,7208,7555,7902,8300,8705,9142,9591,10040,10523,11021,11540,12071,12619,13197,13787,14392,15071,15798,16534,17279,18045,18833,19641,20470,21323,22191,23068,23968,24891,25840,26833,27860,28895
0,0,0,0,1,2,3,5,8,14,21,29,38,48,59,73,88,103,120,138,157,178,198,221,244,268,294,321,348,375,402,429,457,488,519,553,589,630,679,728,777,828,885,942,1005,1068,1136,1207,1280,1354,1432,1512,1594,1678,1763,1850,1938,2028,2123,2218,2313,2409,2506,2603,2707,2811,2926,3044,3166,3291,3418,3550,3685,3822,3969,4121,4272,4425,4583,4741,4902,5065,5232,5404,5576,5751,5927,6115,6306,6503,6702
0,0,0,0,0,0,0,1,2,3,5,6,7,8,9,10,11,12,13,14,15,16,17,18,19,27,37,47,60,75,90,107,127,153,183,215,252,297,342,388,435,482,530,582,644,706,773,845,921,998,1077,1158,1239,1323,1408,1493,1578,1669,1763,1858,1953,2048,2143,2238,2334,2430,2530,2633,2738,2845,2953,3064,3177,3293,3411,3536,3662,3791,3920,4050,4182,4317,4453,4591,4729,4867,5006,5146,5290,5435,5583
0,1,2,3,4,5,6,8,10,12,15,19,27,35,43,53,64,77,91,109,130,152,177,206,235,269,303,338,374,418,464,512,564,617,669,727,790,858,929,1003,1079,1159,1239,1321,1405,1489,1580,1673,1768,1865,1965,2070,2176,2284,2401,2521,2643,2772,2911,3051,3191,3332,3474,3615,3757,3899,4049,4200,4359,4522,4687,4856,5026,5198,5375,5556,5737,5921,6105,6290,6480,6673,6866,7066,7269,7474,7679,7892,8110,8329,8551
0,0,0,0,0,0,1,2,3,4,6,9,14,20,30,43,55,67,81,97,113,131,149,172,195,232,274,319,367,419,473,527,585,649,718,790,870,961,1059,1159,1264,1375,1488,1606,1728,1850,1978,2110,2243,2379,2522,2667,2823,2985,3148,3312,3476,3648,3823,4000,4177,4364,4553,4743,4934,5125,5322,5527,5735,5943,6155,6369,6587,6808,7033,7260,7487,7715,7945,8178,8414,8651,8889,9133,9377,9622,9868,10121,10375,10630,10885
0,0,0,0,0,0,0,0,0,0,0,0,0,0,0,1,2,3,4,5,6,7,8,9,10,11,12,13,14,15,16,21,27,33,39,46,52,58,64,70,77,84,91,98,105,112,120,128,136,144,152,160,169,178,187,196,205,214,223,233,243,253,263,273,283,293,304,317,330,343,357,372,388,404,420,436,452,468,484,501,519,537,556,578,600,622,644,667,690,713,736
0,0,0,1,2,3,5,7,10,13,17,23,31,40,51,65,81,104,132,172,216,267,323,387,451,526,612,703,798,900,1008,1124,1245,1372,1504,1670,1872,2099,2370,2667,2974,3282,3610,3952,4309,4666,5056,5454,5858,6266,6694,7127,7566,8020,8494,8970,9450,9941,10458,10988,11518,12070,12628,13192,13790,14388,15047,15727,16439,17170,17924,18758,19601,20466,21434,22497,23576,24674,25791,26927,28118,29358,30645,31958,33296,34664,36077,37566,39132,40749,42406
0,0,0,0,0,0,0,0,0,0,0,0,0,0,0,0,0,0,0,0,0,0,0,0,0,0,0,0,0,0,0,0,0,0,0,0,0,0,0,0,0,0,0,0,0,0,0,0,0,0,0,0,0,0,0,0,0,0,1,2,3,4,7,10,13,16,19,22,25,28,31,34,37,40,44,48,52,56,60,64,68,72,76,80,84,88,92,96,100,104,108
0,0,0,1,2,3,4,6,8,12,19,20,21,22,27,32,38,44,52,60,69,78,87,96,105,115,125,134,143,152,161,171,181,192,203,216,229,243,259,276,293,310,327,344,361,378,396,415,435,455,478,504,530,557,584,611,640,673,707,741,775,815,855,895,936,977,1018,1059,1100,1141,1183,1226,1269,1313,1358,1406,1455,1504,1554,1604,1654,1704,1756,1810,1864,1919,1975,2038,2101,2165,2229
0,0,0,0,0,0,0,0,0,0,0,0,0,0,1,5,11,18,28,40,58,79,101,124,147,173,201,229,257,287,321,359,406,456,508,569,641,737,844,958,1078,1200,1329,1462,1610,1758,1918,2084,2259,2436,2633,2835,3044,3260,3487,3717,3957,4205,4478,4767,5056,5375,5698,6024,6365,6706,7077,7460,7862,8273,8699,9155,9620,10112,10628,11164,11720,12288,12868,13467,14117,14780,15468,16178,16912,17668,18444,19256,20102,21005,21937
0,0,0,0,1,3,4,5,7,9,11,12,13,14,15,16,17,18,23,29,36,43,51,59,67,77,88,99,110,121,133,145,157,171,185,205,226,250,275,300,327,354,381,408,435,462,489,516,544,572,601,631,661,691,721,751,781,811,841,871,901,932,964,996,1028,1060,1092,1124,1156,1188,1220,1251,1283,1317,1351,1385,1420,1455,1491,1527,1564,1601,1638,1675,1712,1749,1786,1824,1862,1900,1939
0,0,0,0,0,0,0,0,0,0,0,0,1,4,7,10,14,23,35,51,69,89,111,135,159,194,229,264,301,341,385,431,477,528,579,635,695,765,839,914,992,1070,1157,1245,1337,1429,1525,1623,1723,1824,1933,2044,2156,2271,2391,2513,2637,2761,2885,3012,3139,3270,3405,3542,3680,3818,3962,4107,4254,4400,4547,4701,4857,5017,5183,5352,5527,5706,5892,6080,6274,6475,6682,6899,7121,7345,7575,7815,8066,8332,8602
0,0,0,0,0,0,0,0,0,0,0,0,0,0,0,0,0,0,0,0,0,0,0,0,0,0,0,0,0,0,0,0,0,0,0,0,0,0,0,0,0,0,1,2,3,4,5,6,7,8,9,10,11,12,13,14,15,16,19,22,25,28,31,34,37,40,43,46,49,52,55,58,61,64,67,70,73,76,79,82,85,88,91,94,97,100,103,106,110,114,118
0,0,0,0,0,0,0,0,0,0,0,1,2,3,4,5,6,7,8,9,10,11,12,18,24,32,40,48,56,65,75,84,94,104,114,126,140,156,172,190,208,226,244,263,284,305,329,353,377,401,427,453,479,505,532,559,588,620,654,689,724,761,799,837,877,917,959,1002,1047,1092,1137,1187,1241,1296,1352,1409,1470,1533,1596,1659,1722,1784,1849,1915,1981,2048,2116,2188,2262,2336,2410
3,8,14,20,28,38,48,58,70,83,104,127,153,180,209,239,271,304,339,378,417,458,499,543,587,636,685,736,788,841,897,953,1012,1072,1132,1195,1268,1341,1414,1490,1566,1641,1719,1799,1880,1961,2045,2130,2217,2305,2398,2491,2587,2684,2785,2886,2987,3089,3195,3303,3411,3522,3634,3749,3863,3977,4092,4208,4324,4440,4557,4677,4797,4921,5046,5175,5305,5435,5568,5704,5843,5986,6129,6273,6419,6569,6720,6871,7026,7182,7339
0,0,0,0,0,0,0,1,2,3,5,7,11,15,19,26,34,47,64,86,114,146,181,217,253,296,342,389,438,490,546,604,667,733,802,875,958,1044,1140,1243,1348,1457,1575,1699,1829,1959,2096,2234,2374,2516,2663,2814,2968,3125,3286,3449,3616,3791,3979,4170,4361,4559,4760,4963,5169,5375,5587,5801,6019,6240,6468,6706,6945,7185,7433,7690,7957,8232,8511,8794,9080,9366,9658,9964,10274,10588,10911,11242,11575,11912,12254
0,0,0,0,0,0,0,1,2,6,13,0,0,0,0,0,0,0,0,0,0,0,0,0,0,0,0,0,0,0,0,0,0,0,0,0,0,0,0,0,0,0,0,0,0,0,0,0,0,0,0,0,0,0,0,0,0,0,0,0,0,0,0,0,0,0,0,0,0,0,0,0,0,0,0,0,0,0,0,0,0,0,0,0,0,0,0,0,0,0,0
0,0,0,0,0,0,0,0,0,0,0,3,9,15,22,34,48,66,86,108,136,165,198,234,270,312,357,402,449,500,552,604,656,712,768,831,905,991,1080,1178,1279,1383,1492,1614,1746,1878,2018,2158,2303,2452,2617,2789,2963,3140,3327,3518,3709,3909,4129,4354,4579,4829,5086,5349,5620,5891,6172,6461,6765,7080,7404,7750,8105,8476,8866,9279,9706,10140,10589,11049,11522,12010,12511,13032,13564,14109,14663,15237,15830,16440,17055
1,2,3,4,5,6,7,8,9,10,14,19,25,31,38,50,64,81,101,124,154,184,221,263,305,358,421,495,569,649,731,817,910,1006,1108,1215,1336,1462,1590,1720,1854,1989,2129,2271,2428,2585,2743,2903,3068,3233,3404,3581,3758,3935,4120,4305,4490,4681,4878,5080,5282,5488,5695,5902,6111,6320,6540,6766,6997,7231,7477,7726,7979,8236,8492,8758,9033,9312,9601,9892,10190,10494,10806,11119,11435,11755,12085,12422,12761,13108,13459
0,0,0,0,0,0,0,0,0,0,2,6,13,20,28,39,55,73,95,123,153,186,225,269,313,365,419,475,532,595,661,728,795,867,939,1019,1106,1198,1290,1384,1480,1579,1679,1781,1885,1989,2097,2208,2320,2433,2554,2675,2800,2931,3068,3206,3345,3485,3629,3775,3921,4073,4225,4378,4538,4698,4867,5036,5204,5374,5547,5725,5904,6085,6266,6453,6639,6826,7015,7206,7398,7593,7789,7986,8185,8386,8591,8800,9011,9229,9450
2,5,9,13,17,22,28,37,47,59,82,111,147,193,255,331,417,510,613,731,860,1002,1156,1322,1488,1706,1939,2187,2442,2711,2989,3277,3587,3913,4245,4584,4953,5342,5761,6223,6692,7173,7661,8163,8693,9223,9811,10421,11033,11667,12318,12987,13674,14371,15088,15812,16550,17318,18103,18905,19707,20540,21392,22245,23101,23957,24833,25719,26616,27530,28454,29397,30349,31309,32274,33248,34228,35213,36203,37198,38229,39269,40312,41371,42436,43507,44583,45676,46777,47894,49025
1,0,0,0,0,0,2,3,4,6,8,12,16,22,28,35,42,49,59,70,84,100,117,134,151,169,190,211,232,255,281,308,337,366,397,430,465,502,540,578,617,656,695,737,781,825,871,917,963,1011,1062,1119,1182,1246,1311,1381,1452,1528,1607,1689,1771,1860,1952,2046,2141,2236,2345,2466,2592,2720,2850,2983,3121,3260,3403,3551,3699,3848,3998,4156,4317,4479,4643,4812,4982,5154,5330,5509,5688,5873,6061
3,6,9,13,17,21,25,30,35,42,50,58,66,74,83,93,107,126,147,169,196,225,261,301,341,383,427,473,520,569,622,679,737,796,857,926,1007,1095,1188,1287,1387,1491,1597,1705,1817,1929,2047,2170,2296,2425,2559,2696,2841,2990,3150,3314,3486,3664,3847,4045,4243,4460,4680,4906,5134,5362,5599,5844,6105,6378,6654,6948,7247,7559,7876,8198,8532,8870,9214,9567,9947,10330,10714,11107,11502,11901,12301,12707,13139,13577,14020
0,0,0,0,0,0,0,0,0,0,0,1,2,3,4,11,19,27,36,46,56,66,78,89,100,114,128,142,156,172,190,209,230,253,276,306,338,374,416,465,514,563,612,662,714,766,828,891,961,1032,1113,1196,1282,1369,1457,1546,1637,1731,1829,1932,2035,2144,2258,2375,2495,2615,2743,2875,3008,3145,3286,3436,3588,3745,3911,4082,4258,4446,4639,4837,5036,5239,5445,5654,5868,6084,6308,6538,6778,7021,7266
0,0,0,0,0,0,0,0,0,0,2,4,6,8,10,15,23,35,47,60,77,96,118,141,164,191,219,249,279,312,346,380,413,447,482,520,560,603,647,692,737,783,830,879,928,977,1028,1081,1135,1191,1248,1307,1369,1433,1503,1573,1643,1716,1794,1873,1952,2036,2122,2209,2302,2395,2499,2609,2722,2838,2960,3086,3217,3351,3490,3636,3784,3938,4095,4254,4422,4593,4767,4947,5127,5313,5503,5696,5895,6104,6320
0,0,0,2,4,8,13,19,26,34,44,58,75,93,119,149,182,216,249,286,324,363,408,453,498,543,589,635,682,732,781,832,884,938,992,1050,1111,1171,1231,1291,1351,1412,1473,1535,1598,1661,1726,1792,1858,1925,1992,2059,2127,2197,2267,2337,2408,2480,2552,2624,2696,2767,2838,2909,2982,3055,3130,3206,3281,3356,3432,3508,3586,3665,3744,3824,3904,3985,4067,4149,4232,4315,4399,4484,4569,4656,4747,4841,4936,5032,5128
0,0,0,0,0,0,0,0,0,0,1,2,3,5,9,14,21,29,44,62,81,101,122,143,164,187,210,234,258,282,307,332,357,383,409,440,472,505,542,581,620,659,701,743,788,833,882,932,982,1032,1085,1140,1197,1254,1311,1368,1425,1482,1540,1603,1666,1730,1794,1859,1927,1995,2065,2137,2214,2294,2375,2462,2551,2644,2740,2840,2941,3044,3150,3262,3375,3488,3609,3735,3863,3992,4126,4264,4405,4549,4693
0,0,0,0,0,0,0,0,1,3,6,10,14,18,24,33,42,53,66,81,99,120,143,169,195,225,256,288,320,352,386,420,455,494,533,576,624,673,725,778,833,889,946,1005,1073,1141,1213,1286,1359,1432,1509,1587,1667,1748,1832,1916,2000,2087,2177,2274,2371,2471,2571,2675,2782,2889,3000,3111,3224,3340,3460,3587,3715,3846,3985,4133,4282,4435,4589,4748,4911,5076,5244,5415,5592,5770,5949,6132,6316,6505,6697
0,0,0,0,0,0,0,0,1,2,4,5,6,7,8,9,14,20,28,37,46,55,65,77,89,105,123,144,165,185,209,234,259,288,317,348,380,417,459,502,547,594,644,698,754,810,869,930,994,1058,1125,1195,1267,1340,1419,1502,1586,1674,1765,1857,1949,2044,2139,2237,2337,2437,2544,2658,2776,2895,3019,3145,3274,3404,3538,3674,3810,3948,4088,4231,4381,4533,4686,4846,5008,5174,5345,5517,5690,5866,6042
0,0,0,0,0,0,0,0,0,0,0,1,3,5,8,12,16,21,29,41,57,76,94,116,138,162,187,212,239,267,298,329,366,407,449,499,559,628,713,808,907,1009,1118,1230,1348,1466,1596,1729,1865,2001,2154,2317,2486,2656,2827,3001,3179,3365,3555,3750,3945,4145,4350,4563,4783,5003,5241,5486,5738,5997,6259,6530,6808,7101,7400,7706,8024,8348,8686,9036,9392,9753,10123,10506,10896,11291,11691,12109,12535,12976,13419
0,0,0,0,0,0,0,0,0,0,0,1,2,3,4,5,6,7,8,9,10,11,12,13,14,15,16,17,18,19,20,21,22,28,34,40,48,57,67,76,85,94,103,112,121,130,140,150,160,170,181,192,203,214,225,236,248,264,280,296,312,334,357,380,405,430,461,494,529,565,608,656,704,754,811,875,944,1018,1093,1171,1250,1334,1423,1518,1614,1713,1813,1916,2025,2138,2252
0,0,0,1,3,5,7,10,16,24,33,40,51,62,75,94,116,142,172,204,243,287,336,391,446,510,578,648,722,801,888,978,1067,1159,1253,1359,1493,1633,1777,1927,2081,2236,2396,2557,2735,2913,3107,3308,3512,3717,3935,4167,4402,4642,4895,5149,5405,5666,5939,6222,6505,6804,7109,7419,7736,8053,8394,8735,9090,9446,9809,10178,10554,10937,11326,11724,12127,12534,12951,13375,13804,14240,14679,15129,15585,16044,16520,17023,17533,18056,18587
0,0,0,0,0,0,0,0,0,0,0,1,2,8,15,24,36,51,68,85,102,120,138,156,174,191,208,225,242,259,276,293,311,330,349,370,392,414,436,459,482,505,528,551,574,597,620,643,667,691,715,740,765,790,815,840,865,890,915,940,965,991,1017,1043,1070,1097,1125,1153,1181,1209,1237,1266,1295,1324,1353,1382,1411,1440,1470,1502,1537,1573,1608,1643,1678,1714,1750,1788,1829,1871,1916
0,0,0,0,0,0,0,0,0,0,0,0,0,0,0,0,0,0,0,0,0,0,0,0,0,0,0,0,0,0,0,0,0,0,0,0,0,0,0,0,0,0,0,0,0,0,0,0,0,0,0,0,0,0,1,2,3,4,5,6,7,8,9,10,11,12,13,14,15,16,17,18,19,20,21,22,25,28,31,34,37,40,43,46,49,52,55,58,61,64,67
0,0,0,0,0,0,0,0,1,3,6,11,17,25,34,43,52,62,73,88,107,128,150,174,198,225,256,288,323,362,402,443,487,533,580,631,683,742,804,871,940,1009,1084,1162,1247,1332,1428,1523,1618,1714,1813,1917,2023,2131,2239,2348,2458,2578,2706,2838,2970,3109,3251,3396,3546,3696,3851,4010,4173,4336,4505,4690,4878,5072,5270,5474,5683,5895,6107,6323,6546,6774,7003,7247,7506,7772,8048,8346,8647,8963,9299
0,0,5,10,17,29,41,55,74,97,124,154,192,236,285,346,413,484,557,641,737,837,941,1050,1159,1269,1383,1498,1615,1736,1860,1985,2111,2241,2372,2518,2675,2841,3010,3184,3360,3535,3714,3896,4082,4268,4461,4657,4855,5054,5255,5457,5663,5875,6088,6302,6516,6736,6960,7188,7416,7646,7877,8108,8344,8580,8828,9076,9327,9579,9834,10094,10358,10626,10898,11174,11455,11736,12021,12308,12598,12892,13187,13489,13793,14097,14404,14719,15039,15368,15702
0,0,2,4,6,8,13,20,28,36,53,72,95,119,145,174,206,240,276,313,352,391,433,476,519,565,611,657,703,749,795,842,890,938,988,1040,1093,1148,1204,1260,1316,1372,1429,1486,1544,1602,1661,1724,1788,1852,1917,1983,2050,2118,2187,2257,2328,2401,2475,2549,2623,2699,2775,2851,2929,3007,3084,3161,3238,3315,3393,3473,3554,3635,3717,3802,3887,3972,4057,4143,4229,4316,4403,4490,4577,4664,4752,4842,4932,5023,5114
0,0,0,0,0,0,0,0,0,0,0,0,2,4,8,19,32,47,63,83,109,138,171,207,243,282,323,365,408,452,496,542,594,650,708,786,873,968,1074,1188,1307,1429,1559,1691,1827,1963,2117,2275,2439,2604,2779,2959,3141,3337,3537,3739,3945,4162,4393,4631,4869,5130,5394,5661,5945,6229,6559,6899,7251,7618,7996,8429,8874,9322,9805,10323,10855,11389,11926,12481,13056,13654,14265,14889,15522,16175,16849,17553,18285,19040,19807
0,0,0,0,0,0,0,1,2,3,4,6,8,12,18,25,33,43,53,64,78,92,106,121,136,152,167,182,198,215,237,262,289,318,349,382,419,458,499,545,592,639,692,748,807,866,935,1006,1078,1152,1235,1321,1409,1498,1589,1682,1777,1872,1971,2073,2175,2284,2396,2508,2624,2740,2863,2990,3119,3249,3380,3511,3648,3789,3934,4082,4238,4395,4558,4726,4901,5077,5254,5433,5613,5793,5974,6159,6347,6537,6730
0,0,0,0,0,0,0,0,0,0,0,0,0,0,0,0,0,0,0,0,1,2,3,4,5,6,7,8,9,10,11,12,13,14,15,16,17,18,19,20,21,22,23,24,25,26,27,28,29,30,31,34,38,45,52,59,69,80,91,102,113,123,133,143,153,163,174,186,196,206,216,226,236,246,256,266,277,288,300,311,323,335,347,359,371,382,393,405,417,429,441
2,3,4,6,8,10,13,16,21,26,38,50,64,84,110,141,178,222,277,339,408,486,571,663,755,860,972,1088,1209,1336,1468,1605,1750,1902,2059,2236,2451,2679,2924,3184,3451,3721,4006,4296,4607,4918,5253,5594,5942,6298,6676,7066,7474,7887,8302,8719,9139,9571,10020,10473,10926,11398,11878,12365,12860,13355,13872,14397,14926,15460,16003,16556,17116,17684,18267,18858,19459,20073,20716,21368,22025,22692,23378,24075,24778,25485,26206,26933,27671,28417,29170
0,0,0,0,0,0,0,0,0,0,0,0,0,0,0,0,0,0,0,0,0,0,0,0,0,0,0,0,0,0,0,0,0,1,2,3,4,5,6,7,9,11,13,15,17,19,21,23,25,27,29,31,33,35,37,40,43,46,50,54,58,62,66,70,74,78,82,86,90,94,98,102,106,110,114,118,122,126,130,134,138,142,146,151,156,161,166,171,176,181,186
0,0,0,0,0,0,0,0,0,0,0,0,0,0,0,0,0,0,0,0,1,2,3,4,5,6,7,8,9,10,11,16,21,26,31,37,43,49,56,70,85,99,117,135,155,175,197,218,240,262,284,306,329,352,376,400,424,450,478,506,534,563,592,621,655,689,723,758,793,828,863,900,938,976,1014,1053,1093,1135,1178,1220,1262,1307,1356,1406,1460,1514,1570,1629,1692,1755,1818
1,2,3,4,5,6,8,11,16,21,28,35,45,55,68,82,100,121,147,174,206,240,278,317,356,403,453,502,551,606,664,725,787,855,926,1004,1097,1201,1309,1422,1536,1651,1767,1886,2014,2142,2286,2431,2577,2726,2887,3049,3217,3387,3560,3738,3922,4118,4319,4523,4727,4934,5144,5354,5571,5788,6018,6249,6488,6734,6988,7248,7509,7774,8039,8316,8600,8886,9184,9489,9803,10125,10453,10795,11139,11486,11837,12198,12564,12935,13309
0,0,0,0,0,1,2,4,6,9,15,20,27,34,42,50,58,66,75,86,100,114,130,146,162,179,199,219,241,263,286,310,336,362,388,418,451,486,523,561,599,637,674,711,748,785,821,857,893,930,969,1010,1051,1092,1135,1178,1221,1266,1312,1358,1404,1451,1498,1545,1592,1639,1687,1735,1783,1831,1879,1928,1978,2028,2078,2128,2179,2230,2281,2332,2384,2436,2491,2546,2601,2656,2711,2767,2823,2879,2936
0,0,0,0,0,0,0,0,0,0,0,0,0,0,0,0,1,2,3,4,9,15,22,32,42,52,62,72,82,92,103,114,126,139,152,165,178,191,206,222,238,254,270,286,302,318,334,351,368,385,402,419,436,453,471,489,507,528,551,575,599,623,647,671,697,723,749,775,801,827,853,882,911,940,969,1001,1033,1065,1097,1129,1161,1194,1227,1260,1294,1328,1362,1397,1432,1467,1504
0,0,0,0,0,0,0,0,0,0,0,1,0,0,0,0,0,0,0,0,0,0,0,2,3,4,5,6,7,8,9,10,11,12,13,14,15,16,17,18,20,22,24,26,28,30,32,34,37,40,43,46,50,54,58,62,66,73,80,87,94,102,110,118,126,134,142,150,158,166,174,182,190,198,206,215,224,233,242,251,261,271,281,292,303,314,325,337,349,361,373
2,5,8,11,14,17,20,23,26,30,35,40,46,53,60,68,77,88,99,112,127,143,159,176,193,214,235,256,278,302,327,352,378,409,441,478,518,560,602,646,692,741,793,848,905,962,1024,1088,1154,1222,1293,1366,1439,1514,1589,1664,1740,1821,1904,1989,2074,2192,2319,2448,2580,2712,2852,2996,3144,3294,3449,3608,3768,3929,4096,4268,4448,4632,4822,5020,5223,5428,5637,5850,6063,6279,6497,6717,6941,7168,7396
0,0,0,0,0,0,0,0,1,0,2,3,5,8,11,14,20,27,35,46,58,71,85,99,113,131,150,170,189,209,231,252,273,294,316,338,368,399,432,465,498,532,566,602,641,680,722,765,808,851,898,945,991,1041,1094,1148,1202,1260,1318,1382,1446,1511,1576,1642,1713,1784,1867,1953,2041,2130,2221,2322,2430,2542,2666,2797,2932,3069,3208,3353,3501,3650,3806,3966,4128,4302,4482,4675,4887,5110,5336
0,0,0,0,0,1,3,5,7,9,11,12,13,14,16,18,20,22,24,28,35,42,49,56,63,71,79,87,96,105,114,123,134,145,156,168,181,195,209,225,241,257,273,289,305,321,337,353,369,385,403,421,439,457,477,498,520,542,565,589,613,637,661,685,709,733,758,784,811,838,865,894,924,954,984,1014,1044,1074,1106,1140,1174,1208,1242,1276,1311,1346,1383,1420,1461,1504,1547
0,0,0,0,0,0,0,0,0,0,0,0,0,1,2,7,12,18,25,33,43,53,65,77,89,101,114,127,141,155,169,184,199,214,229,244,260,276,292,308,323,338,353,368,383,398,413,428,443,458,474,490,507,524,541,558,575,592,609,627,645,662,679,696,714,732,750,768,787,806,825,844,863,883,903,923,942,961,981,1001,1021,1041,1061,1081,1101,1121,1141,1162,1183,1208,1233
0,0,0,0,1,2,3,5,7,9,12,15,21,29,40,51,65,81,100,120,145,171,199,229,259,290,322,355,389,427,467,507,551,596,641,691,744,798,857,917,978,1044,1118,1194,1278,1362,1452,1548,1653,1760,1877,1996,2125,2253,2387,2522,2659,2797,2936,3076,3216,3366,3521,3677,3834,3991,4158,4330,4506,4688,4873,5062,5252,5449,5648,5851,6056,6265,6479,6699,6918,7137,7356,7581,7810,8043,8279,8519,8765,9015,9267
0,0,0,0,0,0,0,0,0,0,0,0,0,0,0,0,0,0,0,0,0,0,0,0,0,0,0,0,0,0,0,0,0,0,0,0,0,0,0,0,0,0,0,0,0,0,0,0,0,0,0,0,0,0,0,0,0,0,0,0,0,0,0,0,0,0,1,2,3,4,5,6,7,8,9,10,11,12,13,14,15,16,17,18,19,20,21,22,23,24,25
0,0,0,0,0,0,0,0,0,0,0,0,0,0,0,0,0,1,2,3,4,5,6,7,8,9,10,11,12,13,20,27,35,43,51,60,71,84,97,111,126,141,157,173,190,207,224,242,262,283,305,329,353,378,403,428,453,478,503,529,555,581,608,635,662,689,716,743,770,798,826,854,882,910,939,968,997,1027,1059,1092,1124,1156,1188,1220,1252,1284,1316,1348,1380,1413,1446
0,0,0,0,1,2,3,4,7,11,18,26,37,49,62,78,96,117,141,169,198,230,266,303,340,380,421,462,504,546,589,635,681,728,776,832,893,962,1033,1105,1178,1252,1327,1402,1480,1558,1641,1725,1810,1896,1988,2082,2177,2276,2379,2483,2587,2696,2814,2936,3058,3188,3324,3461,3599,3737,3883,4030,4178,4329,4483,4650,4819,4992,5173,5361,5552,5748,5950,6158,6368,6582,6800,7028,7265,7512,7761,8019,8282,8552,8831
1,0,0,0,4,7,11,18,26,39,55,73,92,115,142,173,205,238,276,319,370,431,495,568,641,720,803,890,977,1068,1159,1255,1357,1471,1591,1723,1907,2104,2316,2547,2793,3048,3323,3603,3895,4187,4508,4834,5172,5515,5868,6241,6628,7022,7427,7838,8258,8683,9121,9567,10013,10476,10945,11425,11914,12403,12906,13412,13933,14462,15000,15546,16099,16657,17231,17818,18420,19033,19660,20301,20956,21618,22286,22960,23640,24332,25035,25754,26488,27233,27989
0,0,0,1,2,3,4,6,8,9,11,13,16,20,24,30,37,45,55,65,78,94,114,136,158,182,207,232,259,289,320,352,385,421,457,493,535,580,627,676,726,776,829,882,936,990,1049,1108,1168,1229,1299,1373,1448,1523,1601,1681,1762,1843,1924,2006,2088,2172,2258,2348,2440,2532,2626,2725,2824,2926,3033,3143,3255,3371,3489,3609,3732,3858,3989,4122,4256,4391,4529,4668,4810,4953,5101,5252,5406,5562,5719
0,0,0,0,0,0,0,0,0,0,2,3,4,5,6,7,14,24,36,51,68,86,106,127,148,171,195,219,244,269,294,319,345,370,395,420,445,471,498,526,555,584,615,646,677,708,739,772,805,838,871,907,943,982,1022,1062,1103,1144,1187,1230,1273,1318,1363,1409,1457,1505,1555,1605,1655,1707,1759,1812,1868,1924,1982,2040,2101,2162,2223,2284,2347,2409,2472,2537,2603,2670,2738,2809,2881,2954,3028
0,0,0,0,0,0,0,0,0,0,0,1,2,7,14,22,30,39,49,61,76,92,108,125,142,160,178,196,214,233,252,271,291,312,333,357,387,418,452,487,522,557,598,639,683,727,773,821,876,931,990,1051,1114,1177,1242,1309,1379,1450,1525,1605,1685,1766,1847,1929,2013,2097,2182,2270,2359,2448,2537,2627,2717,2810,2907,3006,3107,3209,3312,3422,3537,3661,3788,3918,4050,4182,4317,4454,4595,4739,4884
0,0,0,0,0,0,0,0,0,0,0,0,0,0,0,0,0,0,0,0,0,0,0,0,0,0,0,0,0,0,0,0,0,0,0,1,2,3,4,5,6,7,8,9,10,11,12,13,14,15,16,17,18,19,20,21,22,23,25,27,29,31,33,35,37,39,41,43,45,47,49,51,53,55,57,59,61,64,67,70,73,76,79,82,85,88,91,94,97,100,103
0,0,0,0,0,0,0,1,2,0,3,4,5,7,9,13,18,24,30,41,52,64,77,91,105,120,136,154,172,191,211,233,257,283,310,340,380,424,470,521,573,626,692,758,828,898,975,1053,1164,1275,1399,1534,1682,1832,1984,2136,2291,2451,2615,2781,2947,3129,3311,3494,3679,3864,4053,4246,4448,4655,4866,5085,5310,5541,5782,6029,6304,6584,6877,7175,7474,7776,8084,8403,8725,9052,9382,9723,10068,10425,10794
0,0,0,0,0,0,0,0,0,0,0,0,0,0,0,0,0,0,0,0,0,0,0,0,0,0,0,0,0,0,0,0,0,0,0,1,2,3,4,5,9,13,17,21,27,33,39,45,53,62,72,83,94,105,116,127,138,149,163,177,191,205,219,233,247,261,275,289,304,319,334,349,362,375,389,403,417,431,445,459,475,491,507,523,539,555,571,587,603,619,635
0,0,0,5,10,17,25,33,42,51,63,0,64,65,66,67,68,69,75,82,91,102,115,128,141,159,178,199,221,244,267,291,315,342,369,396,425,455,486,518,550,582,614,646,680,714,748,782,817,853,891,931,971,1011,1052,1093,1134,1176,1219,1262,1305,1350,1396,1442,1488,1534,1582,1630,1678,1726,1774,1824,1874,1924,1975,2026,2078,2130,2182,2234,2287,2340,2393,2446,2500,2553,2606,2659,2714,2771,2828
0,0,0,0,0,0,1,3,5,8,13,19,24,32,43,56,70,86,105,124,143,162,180,200,220,241,262,283,304,325,346,367,388,410,432,457,486,516,546,576,607,638,670,703,736,769,802,835,870,905,940,975,1011,1047,1085,1123,1161,1203,1246,1290,1334,1377,1420,1463,1506,1549,1595,1641,1687,1733,1779,1828,1877,1928,1980,2033,2086,2140,2194,2247,2301,2357,2414,2473,2532,2591,2650,2709,2769,2830,2893
0,1,2,3,4,5,7,9,11,14,20,28,41,55,71,89,109,130,153,181,218,261,308,359,410,474,542,610,683,762,846,935,1030,1129,1230,1333,1452,1584,1725,1875,2030,2187,2348,2511,2680,2849,3041,3240,3444,3651,3876,4108,4348,4603,4863,5132,5408,5692,5987,6290,6593,6915,7248,7587,7938,8289,8681,9108,9551,10009,10483,10998,11536,12088,12670,13281,13911,14556,15214,15886,16585,17304,18045,18815,19592,20386,21214,22066,22955,23874,24805
0,0,0,0,0,0,0,0,0,0,0,1,2,3,4,5,6,11,18,26,34,43,52,62,72,86,101,117,133,151,169,186,206,227,250,273,299,325,353,381,409,437,465,493,523,553,583,613,644,675,706,737,768,799,831,863,895,927,959,992,1025,1059,1094,1129,1164,1199,1234,1269,1304,1339,1374,1409,1444,1479,1514,1549,1586,1624,1662,1700,1738,1777,1816,1855,1894,1933,1972,2012,2052,2093,2133
0,0,0,0,0,0,0,0,0,0,0,1,2,3,4,5,6,7,8,9,10,11,12,13,14,15,16,17,18,19,20,21,22,23,24,29,37,46,57,68,79,90,103,116,129,142,155,168,182,196,212,228,244,260,276,292,309,326,344,362,380,398,416,434,452,470,488,507,526,545,564,583,602,621,641,664,688,714,740,767,794,821,850,879,908,937,966,995,1025,1056,1089
3,7,11,16,22,29,36,45,56,73,94,116,139,166,197,237,278,321,366,412,458,506,557,609,661,714,768,822,876,931,986,1043,1100,1158,1216,1275,1336,1399,1463,1527,1591,1655,1720,1786,1852,1918,1984,2050,2116,2182,2250,2317,2385,2453,2522,2591,2660,2731,2802,2874,2946,3019,3092,3165,3239,3313,3387,3463,3539,3615,3692,3769,3846,3923,4000,4079,4158,4238,4318,4398,4478,4560,4642,4724,4807,4890,4973,5057,5142,5228,5315
0,1,2,3,6,10,15,21,27,33,41,49,57,66,79,92,110,131,154,178,203,229,257,288,319,353,387,421,455,489,526,565,604,643,682,727,772,818,864,912,962,1013,1064,1116,1168,1220,1273,1329,1386,1443,1501,1560,1619,1681,1745,1809,1873,1937,2002,2069,2136,2206,2278,2350,2424,2498,2573,2650,2727,2805,2883,2962,3042,3122,3204,3286,3368,3451,3535,3619,3706,3794,3882,3971,4061,4151,4242,4334,4427,4520,4613
0,0,0,0,0,0,0,0,0,0,0,1,2,3,4,9,14,19,24,29,34,39,44,49,54,60,66,72,78,84,90,96,102,109,116,124,133,142,152,162,173,184,195,206,217,228,239,250,261,272,283,294,305,316,329,342,355,368,381,394,407,420,434,448,462,476,490,504,518,532,546,560,574,588,602,616,631,646,661,676,691,706,721,737,753,769,785,801,817,834,851
0,0,0,0,0,0,0,0,0,0,1,2,4,8,13,19,27,37,47,61,76,93,113,133,153,178,204,230,256,283,311,343,378,413,449,491,536,583,631,682,734,787,842,902,965,1028,1097,1167,1237,1307,1378,1457,1538,1621,1708,1797,1887,1987,2100,2215,2330,2457,2587,2719,2858,2997,3155,3326,3512,3729,3948,4196,4446,4698,4962,5260,5559,5864,6176,6493,6824,7167,7516,7872,8229,8598,8976,9375,9790,10216,10653
0,0,0,0,0,0,0,0,0,0,0,8,16,25,35,46,59,73,89,106,127,149,170,191,212,235,259,283,307,331,355,380,406,433,460,490,524,558,592,627,662,697,732,767,803,839,877,916,955,994,1035,1077,1120,1163,1206,1249,1292,1335,1379,1423,1467,1511,1555,1599,1644,1689,1737,1785,1835,1885,1937,1989,2044,2100,2157,2214,2329,2445,2563,2681,2800,2924,3048,3172,3296,3421,3553,3687,3823,3959,4095
0,0,0,0,0,0,0,0,0,0,0,1,6,11,17,23,29,35,43,54,66,78,90,103,116,132,152,173,194,218,244,272,304,340,377,419,465,514,566,624,683,743,807,870,938,1006,1082,1160,1240,1321,1406,1492,1579,1669,1763,1857,1954,2053,2155,2264,2373,2489,2609,2731,2854,2977,3103,3230,3361,3493,3629,3764,3903,4047,4196,4353,4515,4679,4844,5012,5183,5358,5534,5713,5894,6078,6264,6462,6658,6860,7065
0,0,0,0,0,0,0,0,0,0,2,6,10,14,18,23,30,37,45,54,65,77,90,103,116,128,141,154,168,182,196,210,225,243,263,283,306,332,360,391,426,462,499,538,582,626,675,725,778,833,890,950,1024,1101,1178,1263,1354,1449,1556,1664,1772,1892,2015,2138,2264,2390,2521,2658,2800,2943,3091,3243,3397,3551,3708,3869,4031,4193,4357,4523,4692,4862,5031,5203,5376,5550,5729,5912,6097,6284,6471
0,0,0,0,0,1,0,0,0,0,2,4,7,11,15,20,27,36,46,57,74,94,121,151,181,227,276,329,382,442,506,572,641,712,785,865,953,1049,1147,1252,1361,1471,1585,1704,1830,1956,2095,2239,2388,2545,2709,2875,3050,3254,3463,3677,3892,4111,4342,4577,4812,5057,5307,5560,5831,6102,6406,6713,7026,7345,7665,8020,8377,8739,9120,9526,9943,10367,10793,11221,11664,12118,12577,13052,13534,14026,14533,15047,15583,16143,16714
0,1,3,5,7,10,13,16,19,23,27,31,36,41,46,53,62,73,85,100,115,134,155,178,201,230,260,291,324,358,392,427,465,504,543,586,633,683,740,801,864,928,992,1057,1129,1201,1278,1356,1436,1517,1606,1699,1794,1892,1997,2103,2211,2322,2433,2546,2659,2776,2895,3014,3134,3254,3378,3504,3632,3762,3892,4033,4178,4325,4477,4641,4805,4973,5142,5315,5492,5671,5855,6050,6248,6448,6650,6858,7070,7291,7513
0,0,0,0,0,0,0,0,0,0,1,2,4,10,17,26,37,50,66,87,109,137,168,201,234,273,314,359,407,458,512,568,627,689,751,826,919,1020,1131,1247,1367,1489,1623,1764,1917,2070,2237,2409,2591,2782,2990,3208,3432,3664,3908,4157,4420,4691,4972,5258,5544,5856,6174,6495,6822,7149,7492,7855,8234,8622,9023,9433,9854,10287,10733,11190,11663,12148,12649,13158,13674,14194,14718,15246,15783,16327,16882,17458,18046,18646,19252
0,1,3,6,11,16,21,30,40,51,66,84,110,140,174,213,258,315,382,468,559,649,747,850,953,1066,1185,1306,1433,1571,1716,1864,2017,2179,2343,2527,2727,2953,3192,3451,3725,4008,4318,4632,4967,5302,5672,6054,6446,6844,7275,7720,8180,8643,9119,9600,10089,10590,11107,11637,12167,12722,13281,13846,14413,14980,15566,16157,16766,17387,18013,18665,19325,19994,20680,21386,22111,22845,23596,24360,25131,25911,26697,27500,28314,29143,29988,30859,31741,32644,33557
0,0,0,0,0,0,0,0,0,0,0,0,0,0,1,2,3,4,5,6,7,8,9,10,11,12,13,14,15,16,17,18,19,20,21,22,23,29,35,41,47,53,59,65,71,77,83,89,95,101,107,113,119,125,131,137,143,150,157,164,171,179,187,196,206,216,226,237,248,259,270,281,292,304,316,328,340,352,364,378,393,408,424,441,458,476,495,514,535,557,580
1,2,3,4,5,6,7,8,10,12,16,23,31,39,47,56,68,82,99,120,143,165,190,220,250,287,328,374,422,473,529,587,654,731,810,897,998,1107,1220,1347,1478,1611,1754,1904,2062,2220,2392,2568,2750,2931,3123,3321,3527,3735,3946,4158,4374,4595,4820,5055,5290,5535,5781,6032,6291,6550,6824,7099,7390,7687,7987,8298,8612,8933,9262,9599,9947,10301,10667,11037,11412,11795,12182,12573,12976,13384,13793,14210,14631,15056,15484
0,0,0,0,0,0,0,0,1,3,12,21,33,45,60,81,102,128,158,196,245,295,350,408,466,535,609,685,764,847,935,1025,1118,1218,1323,1437,1561,1696,1842,1997,2160,2325,2492,2665,2848,3031,3224,3425,3628,3836,4057,4285,4515,4751,4995,5241,5491,5753,6023,6297,6571,6857,7146,7440,7741,8042,8369,8700,9038,9383,9741,10120,10504,10899,11325,11772,12233,12713,13218,13734,14292,14870,15461,16066,16686,17324,17976,18649,19340,20057,20791
0,0,0,5,11,18,25,33,42,51,63,73,84,99,117,139,162,186,211,237,263,289,319,350,381,412,443,475,507,539,571,604,637,670,703,736,769,802,837,873,909,945,981,1017,1054,1091,1128,1166,1204,1242,1280,1318,1357,1396,1435,1474,1513,1553,1593,1633,1673,1714,1758,1803,1848,1893,1938,1984,2031,2080,2129,2179,2231,2286,2343,2400,2457,2514,2571,2628,2687,2748,2809,2870,2931,2992,3052,3112,3173,3234,3296
0,0,0,0,0,0,0,0,0,0,1,3,6,9,13,18,25,33,49,71,101,132,171,215,259,308,360,414,471,530,593,660,733,813,893,993,1110,1261,1427,1603,1784,1974,2184,2408,2657,2906,3176,3455,3748,4043,4412,4788,5176,5573,5986,6400,6832,7274,7730,8197,8664,9170,9689,10220,10771,11322,11899,12490,13101,13720,14353,15001,15665,16351,17055,17784,18546,19329,20145,20979,21827,22676,23528,24401,25287,26184,27100,28040,29003,29988,30984
0,0,0,0,0,0,0,1,3,5,7,11,17,24,33,47,65,85,112,143,180,226,279,344,409,497,586,685,787,896,1014,1137,1268,1415,1564,1756,2004,2303,2628,2967,3313,3665,4043,4422,4817,5212,5629,6051,6489,6931,7401,7878,8364,8855,9356,9857,10361,10868,11395,11932,12469,13025,13591,14167,14752,15337,15936,16542,17164,17794,18439,19107,19785,20474,21194,21927,22685,23453,24229,25012,25805,26606,27418,28235,29064,29906,30754,31621,32500,33401,34318
0,0,0,1,2,3,4,6,12,20,30,42,57,77,98,123,150,178,211,250,291,337,385,435,485,547,614,681,750,819,888,958,1028,1100,1173,1253,1335,1420,1510,1602,1695,1789,1884,1985,2088,2191,2321,2460,2602,2745,2888,3032,3186,3341,3496,3651,3806,3962,4125,4288,4451,4618,4789,4960,5133,5306,5482,5658,5834,6011,6190,6371,6556,6744,6932,7121,7310,7499,7692,7887,8082,8278,8476,8677,8880,9086,9295,9506,9722,9941,10160
0,0,0,0,0,0,0,0,0,0,0,12,26,40,54,68,83,101,120,141,164,189,217,247,277,309,341,376,412,448,484,520,556,592,628,664,700,736,773,810,847,884,921,958,995,1032,1069,1106,1143,1180,1218,1258,1298,1338,1378,1418,1458,1498,1538,1578,1618,1660,1702,1744,1786,1828,1869,1910,1951,1992,2033,2075,2117,2159,2201,2243,2285,2327,2369,2411,2454,2497,2540,2583,2626,2669,2712,2756,2800,2844,2890
0,0,0,0,0,0,0,0,0,1,5,9,13,19,26,33,44,60,79,106,139,177,226,277,328,386,446,511,580,655,731,809,890,981,1075,1184,1325,1491,1674,1869,2071,2280,2510,2754,3022,3290,3601,3916,4241,4580,4958,5340,5733,6136,6570,7010,7459,7925,8414,8926,9438,9983,10542,11110,11689,12268,12871,13490,14126,14773,15431,16101,16794,17525,18274,19049,19841,20647,21478,22327,23186,24055,24949,25860,26784,27727,28682,29664,30664,31681,32712
0,0,0,0,0,0,1,3,5,8,12,17,22,28,35,43,53,66,83,102,125,151,178,206,234,270,308,346,385,427,471,520,574,639,705,785,882,982,1086,1198,1311,1424,1541,1659,1781,1903,2039,2182,2330,2480,2642,2811,2981,3152,3325,3499,3677,3859,4047,4239,4431,4628,4829,5034,5244,5454,5687,5930,6182,6440,6716,7002,7293,7597,7921,8266,8623,8983,9352,9732,10129,10545,10967,11411,11862,12318,12786,13272,13769,14293,14832
2,4,6,8,11,14,17,23,29,36,46,56,66,76,101,126,159,202,255,313,371,443,515,595,689,806,923,1040,1204,1383,1567,1751,1966,2181,2396,2611,2860,3123,3386,3685,3984,4309,4671,5033,5426,5809,6215,6626,7043,7495,7977,8478,8979,9495,10037,10588,11139,11732,12339,12946,13608,14292,14986,15680,16384,17168,17958,18763,19594,20442,21295,22178,23078,23989,24907,25830,26758,27686,28623,29566,30534,31508,32489,33476,34463,35471,36479,37502,38525,39562,40604
0,0,0,0,0,0,0,0,1,2,4,6,11,16,22,31,45,60,77,104,135,167,206,249,292,344,401,458,518,582,649,722,799,878,959,1053,1160,1273,1397,1523,1656,1796,1939,2086,2241,2396,2579,2765,2953,3148,3378,3611,3852,4101,4361,4622,4885,5155,5442,5736,6030,6355,6680,7016,7369,7722,8100,8488,8885,9300,9723,10168,10624,11097,11599,12131,12667,13209,13756,14312,14891,15486,16093,16708,17326,17958,18613,19278,19965,20661,21362
0,0,0,0,0,0,0,0,0,0,0,5,9,13,18,25,34,43,56,72,93,117,148,185,222,269,316,365,418,476,538,604,680,767,858,971,1097,1230,1377,1530,1685,1845,2008,2179,2376,2573,2811,3061,3316,3585,3869,4177,4492,4828,5180,5539,5901,6280,6676,7079,7482,7898,8320,8750,9191,9632,10088,10549,11018,11492,11974,12478,12992,13523,14061,14620,15189,15772,16367,16973,17595,18232,18881,19557,20239,20924,21615,22330,23054,23788,24525
0,0,0,0,0,0,0,0,0,0,0,1,2,3,4,5,6,7,8,9,10,11,12,13,14,15,16,17,18,19,20,21,22,23,24,25,26,27,28,29,30,31,32,33,34,35,36,37,38,39,40,41,42,43,44,45,46,47,49,51,53,55,57,59,61,63,65,68,71,74,77,80,83,86,89,92,95,98,101,104,107,110,113,116,119,122,125,129,133,137,142
0,0,0,1,2,4,6,9,13,18,26,31,36,41,46,53,60,67,75,83,91,101,111,121,131,141,151,161,171,181,191,202,213,225,237,252,268,284,300,316,332,350,369,388,408,428,448,468,488,508,528,548,568,588,608,628,648,668,688,710,732,754,776,798,820,842,864,886,908,930,952,974,997,1020,1044,1070,1096,1122,1151,1180,1210,1242,1274,1306,1338,1370,1402,1435,1470,1505,1541
0,0,0,0,0,0,0,0,0,1,4,8,12,16,21,31,44,59,81,105,129,159,194,234,274,319,366,414,463,519,577,640,708,779,851,933,1030,1140,1262,1388,1519,1651,1800,1951,2120,2289,2465,2647,2840,3038,3250,3471,3703,3942,4195,4453,4718,4988,5267,5550,5833,6130,6428,6732,7042,7352,7680,8018,8370,8730,9106,9506,9919,10348,10794,11275,11781,12299,12837,13404,14004,14622,15265,15923,16603,17308,18041,18798,19584,20385,21207
0,0,0,0,0,0,0,0,1,2,4,6,9,15,21,29,37,49,61,77,98,118,142,166,190,218,246,274,302,333,364,395,428,463,499,538,580,626,674,723,771,821,872,924,977,1030,1085,1141,1201,1261,1322,1385,1449,1513,1578,1643,1708,1773,1839,1906,1973,2043,2115,2187,2265,2343,2423,2505,2590,2677,2766,2854,2943,3032,3122,3214,3306,3398,3491,3584,3678,3773,3868,3963,4060,4157,4255,4358,4463,4569,4675
0,0,0,0,0,0,0,0,0,0,0,0,0,1,2,3,4,5,6,7,8,9,10,11,12,13,18,23,31,42,55,67,81,96,111,128,146,165,187,210,235,260,284,310,337,364,391,418,446,474,503,532,561,590,619,648,677,706,735,764,793,824,855,886,917,948,981,1015,1052,1093,1134,1176,1219,1262,1306,1352,1398,1444,1490,1536,1582,1628,1674,1720,1767,1814,1861,1908,1956,2004,2052
0,0,0,0,0,0,0,0,0,0,0,0,0,1,2,3,4,5,6,7,8,9,10,11,12,17,22,27,32,38,44,52,60,68,76,86,96,106,116,126,136,146,156,166,176,186,196,206,216,226,237,248,259,271,283,295,307,319,332,345,358,371,384,397,410,423,436,450,464,478,492,506,523,540,558,576,594,612,630,649,669,689,709,729,749,769,789,809,829,849,870
0,0,0,0,0,0,1,2,5,10,16,23,31,39,49,62,78,98,120,147,175,208,242,277,312,348,386,425,467,511,557,603,649,696,743,792,842,892,942,993,1044,1095,1147,1203,1261,1319,1379,1439,1500,1562,1629,1700,1774,1849,1924,1999,2074,2149,2225,2301,2377,2454,2532,2612,2693,2774,2855,2938,3024,3110,3196,3286,3377,3469,3562,3656,3752,3848,3944,4040,4136,4232,4330,4429,4528,4627,4727,4831,4937,5043,5151
0,0,0,0,0,0,0,0,0,0,0,1,2,3,4,5,6,7,12,18,25,33,41,49,57,66,74,82,90,98,106,114,122,130,138,146,155,165,176,187,198,209,220,231,242,253,264,276,288,300,312,324,336,348,360,372,384,396,408,420,432,444,456,468,479,490,502,515,528,544,560,577,594,612,630,648,666,684,702,720,738,757,776,795,814,833,852,872,892,912,932
0,0,0,0,1,3,7,12,19,28,48,71,95,124,158,197,247,301,361,423,487,554,622,695,768,849,932,1016,1101,1185,1269,1353,1437,1522,1607,1698,1792,1886,1981,2076,2174,2273,2375,2478,2584,2690,2797,2905,3015,3126,3239,3354,3470,3587,3705,3825,3945,4065,4185,4305,4425,4548,4671,4797,4925,5053,5184,5316,5450,5585,5723,5861,5999,6137,6276,6416,6557,6700,6843,6988,7134,7281,7429,7579,7729,7880,8031,8185,8346,8510,8677
0,0,0,1,3,6,8,11,15,20,28,36,47,60,80,100,120,141,166,200,238,281,327,380,433,495,565,638,711,793,877,964,1053,1149,1248,1359,1485,1628,1777,1934,2094,2257,2426,2604,2800,2996,3214,3439,3672,3912,4186,4464,4753,5051,5365,5683,6010,6347,6693,7053,7413,7798,8191,8590,9007,9424,9870,10328,10803,11285,11780,12290,12818,13362,13920,14498,15093,15715,16364,17020,17691,18373,19065,19774,20487,21199,21919,22648,23387,24138,24896
0,0,0,0,0,0,0,0,0,0,0,0,0,0,0,0,0,0,0,0,1,2,3,4,5,6,7,8,9,10,11,12,13,14,15,16,17,18,19,20,21,22,23,24,25,26,28,30,32,34,36,38,40,42,44,46,48,50,52,54,56,58,60,62,64,66,68,70,72,74,76,78,80,82,84,86,88,90,92,94,96,98,100,102,104,106,108,110,112,114,116
0,0,0,0,0,0,0,0,0,0,0,1,2,3,4,5,6,11,16,23,31,39,47,55,63,72,82,93,104,115,126,137,149,161,173,186,199,212,225,238,251,264,277,290,303,316,329,342,355,368,381,394,407,420,433,446,459,472,485,498,511,524,537,550,563,576,590,604,618,632,646,660,674,688,702,716,730,744,758,772,786,800,814,828,842,856,870,885,902,919,936
0,0,0,0,0,0,0,0,0,0,0,0,1,3,5,7,10,13,18,24,32,41,51,61,71,83,98,113,128,144,160,176,192,208,224,241,260,281,304,328,356,384,413,443,475,507,544,582,622,662,705,749,796,846,898,950,1005,1061,1120,1182,1244,1310,1377,1445,1513,1581,1652,1725,1800,1875,1956,2043,2132,2223,2323,2432,2546,2667,2792,2921,3059,3197,3339,3482,3625,3772,3920,4071,4227,4389,4552
0,0,0,0,0,0,0,0,0,0,0,1,2,5,8,11,16,22,29,37,45,53,63,73,83,96,111,127,144,163,182,201,224,248,274,305,337,369,404,444,484,528,572,618,666,714,769,826,884,942,1003,1064,1129,1196,1265,1334,1404,1476,1553,1632,1711,1792,1874,1956,2046,2136,2240,2350,2466,2584,2704,2825,2949,3075,3205,3339,3477,3618,3762,3912,4069,4229,4394,4565,4737,4910,5085,5265,5451,5640,5832
1,2,3,4,5,6,7,8,9,10,11,12,14,17,20,24,29,35,41,48,57,70,84,99,114,131,149,167,185,203,221,239,257,277,297,320,343,367,392,417,442,467,494,521,549,577,606,635,664,694,724,754,785,816,849,882,917,954,992,1030,1068,1107,1146,1185,1224,1263,1303,1344,1387,1431,1476,1524,1573,1625,1680,1740,1800,1862,1925,1994,2064,2135,2209,2286,2363,2442,2521,2601,2684,2772,2860
0,0,0,0,1,2,3,4,6,9,12,0,0,13,14,15,20,25,31,39,48,60,72,88,104,122,142,164,186,212,239,266,295,328,362,401,449,507,568,632,699,767,844,921,1004,1087,1183,1280,1380,1482,1601,1722,1845,1970,2099,2231,2363,2500,2640,2784,2928,3085,3245,3406,3571,3736,3909,4085,4262,4441,4621,4804,4991,5179,5370,5562,5755,5949,6144,6345,6548,6754,6966,7181,7406,7636,7867,8102,8340,8581,8824
0,0,0,0,0,0,0,0,1,2,5,10,16,22,28,34,40,47,54,61,71,82,95,107,119,132,145,158,172,186,200,215,230,246,262,281,304,329,355,381,408,436,465,494,524,554,584,614,644,676,713,753,795,839,887,936,990,1047,1124,1204,1284,1365,1446,1528,1614,1700,1788,1879,1990,2113,2240,2374,2510,2646,2784,2923,3062,3202,3343,3488,3637,3790,3948,4110,4276,4442,4612,4791,4971,5153,5336
0,0,0,0,0,0,0,0,0,0,0,1,2,3,4,5,6,7,8,13,18,23,28,33,38,43,49,55,61,69,77,85,93,101,109,117,126,135,145,155,166,177,188,199,210,221,232,243,255,267,279,291,303,315,329,343,358,376,394,412,430,449,468,487,506,525,546,567,589,611,633,655,677,699,721,744,767,790,813,836,858,881,904,928,952,976,1000,1024,1048,1072,1096
0,0,0,0,0,0,0,0,0,0,0,0,0,0,0,0,0,0,0,0,0,0,0,0,0,0,0,0,0,0,0,0,0,0,0,0,0,0,0,0,0,0,0,0,0,0,0,0,0,0,0,0,0,0,0,0,0,0,1,2,3,4,5,6,7,8,9,10,11,12,13,14,15,16,17,18,19,20,21,22,23,24,25,26,27,28,29,30,32,34,36
1,2,3,4,5,6,7,9,11,15,20,28,37,47,58,72,86,105,130,155,181,212,243,279,315,354,397,442,492,542,597,655,725,800,876,958,1048,1152,1274,1399,1542,1699,1866,2051,2322,2593,3120,3698,4296,4905,5518,6143,6773,7407,8076,8777,9511,10264,11028,11800,12572,13358,14157,14956,15757,16558,17365,18175,19001,19830,20673,21527,22410,23303,24204,25109,26019,26935,27859,28789,29725,30662,31609,32568,33533,34505,35492,36492,37499,38511,39533
0,2,4,7,11,15,19,26,33,43,59,83,115,153,194,242,292,357,435,524,626,732,844,966,1088,1218,1353,1496,1646,1803,1969,2147,2335,2531,2732,2953,3197,3470,3753,4050,4354,4660,4986,5318,5675,6032,6410,6797,7199,7604,8040,8490,8952,9415,9894,10378,10874,11381,11910,12459,13008,13584,14163,14746,15340,15934,16557,17189,17837,18496,19173,19863,20564,21280,22014,22768,23537,24309,25094,25895,26702,27524,28353,29188,30034,30881,31731,32595,33474,34360,35249
0,0,0,0,0,0,0,0,0,0,0,0,0,0,0,1,2,3,4,5,6,7,8,9,10,15,21,27,33,41,50,59,70,81,94,108,123,138,154,170,186,203,220,237,255,273,299,326,353,380,409,440,471,502,533,564,595,630,665,700,735,771,810,849,891,933,982,1031,1080,1131,1182,1235,1289,1345,1410,1480,1551,1624,1697,1771,1849,1930,2013,2098,2184,2273,2365,2458,2555,2654,2755
1,2,5,7,11,16,23,35,51,69,90,118,156,197,244,293,346,402,464,529,597,671,748,829,910,998,1088,1180,1272,1368,1466,1566,1673,1784,1899,2023,2158,2297,2441,2588,2737,2887,3041,3197,3354,3511,3675,3843,4014,4199,4389,4587,4790,4996,5202,5408,5617,5829,6051,6275,6499,6739,6980,7221,7464,7707,7951,8196,8445,8694,8948,9204,9463,9724,9991,10263,10541,10822,11106,11394,11687,11987,12287,12592,12898,13210,13523,13840,14162,14492,14829
0,0,0,0,0,0,0,0,0,0,0,1,2,3,4,5,6,11,16,21,26,31,38,45,52,59,66,73,80,87,94,101,108,115,122,130,140,151,162,173,184,195,206,216,225,234,243,252,261,270,279,288,297,306,315,324,333,342,351,360,369,379,389,399,409,419,429,439,449,459,469,479,489,500,510,521,533,545,557,568,579,590,601,612,623,634,645,656,667,678,690
2,4,8,13,19,26,33,41,51,63,80,101,126,153,185,218,255,298,344,396,452,509,570,634,698,770,846,925,1005,1086,1171,1256,1341,1429,1518,1611,1708,1810,1919,2033,2149,2265,2381,2500,2624,2748,2877,3008,3141,3279,3429,3582,3741,3904,4079,4256,4436,4619,4807,5001,5195,5392,5591,5792,5996,6200,6407,6620,6834,7050,7266,7487,7709,7933,8160,8390,8623,8862,9104,9347,9593,9844,10098,10360,10627,10899,11172,11449,11727,12007,12291
0,0,0,0,0,0,0,0,0,0,0,0,0,0,0,1,2,3,4,5,6,7,8,9,10,11,12,13,14,15,16,17,18,19,20,21,22,27,32,37,42,47,52,57,62,67,72,77,82,87,92,97,102,107,113,119,125,132,140,148,156,164,172,180,188,196,205,214,223,232,241,251,261,271,281,292,304,316,328,340,352,364,377,391,405,419,433,448,463,478,497
0,0,0,0,0,0,0,0,0,0,0,1,2,3,4,5,6,7,8,9,10,11,12,13,14,15,16,17,18,23,28,33,38,43,48,53,58,64,70,76,82,89,96,103,110,117,124,132,140,148,156,165,174,183,192,201,210,223,238,253,268,285,302,320,338,356,374,393,413,434,455,480,505,530,556,587,618,652,689,727,764,801,840,879,918,958,1001,1045,1090,1136,1186
1,2,3,0,0,6,9,13,18,24,35,47,61,77,95,115,140,165,203,249,304,362,423,487,551,622,696,772,850,931,1015,1101,1189,1279,1368,1460,1557,1654,1758,1862,1966,2071,2178,2285,2396,2507,2624,2742,2863,2984,3112,3240,3370,3502,3639,3777,3915,4060,4210,4362,4514,4668,4821,4975,5133,5291,5450,5608,5771,5934,6100,6274,6449,6625,6806,6994,7184,7374,7567,7762,7958,8162,8371,8585,8800,9016,9233,9454,9675,9895,10116
0,0,0,0,0,0,0,0,0,0,0,0,0,0,0,0,0,0,1,2,3,4,5,6,7,8,9,10,11,12,13,14,15,16,17,22,28,35,45,57,70,84,106,128,150,172,199,228,257,287,321,357,395,433,473,513,556,601,648,696,744,796,850,904,962,1020,1085,1150,1221,1294,1368,1444,1521,1600,1682,1768,1854,1945,2040,2135,2239,2344,2454,2576,2702,2831,2971,3120,3283,3455,3631
0,0,0,0,0,0,1,2,3,5,9,13,24,36,50,69,94,124,159,201,253,311,380,456,532,620,713,809,907,1011,1119,1235,1358,1491,1627,1781,1953,2141,2336,2538,2747,2960,3179,3405,3638,3871,4125,4386,4651,4920,5203,5493,5793,6097,6403,6713,7027,7348,7681,8023,8365,8725,9090,9460,9846,10232,10654,11094,11543,12004,12475,12992,13518,14057,14653,15296,15956,16630,17317,18026,18760,19538,20347,21182,22032,22916,23860,24839,25865,26915,27975
0,0,0,0,0,0,0,1,2,3,5,8,12,16,20,25,36,48,63,80,102,125,151,178,205,241,280,319,360,404,451,497,545,598,651,714,784,864,949,1043,1137,1232,1334,1442,1554,1666,1787,1917,2048,2179,2321,2467,2620,2774,2937,3105,3278,3460,3648,3840,4032,4243,4462,4685,4924,5163,5423,5701,5986,6288,6604,6939,7287,7656,8037,8431,8834,9245,9670,10102,10545,11004,11479,11986,12503,13034,13583,14148,14729,15315,15914
1,2,3,4,6,8,11,14,17,20,24,27,30,35,40,46,53,60,67,76,86,96,107,118,129,141,156,171,188,205,222,242,263,289,317,347,381,419,470,526,585,645,706,774,848,922,1004,1095,1188,1281,1374,1471,1571,1670,1769,1869,1969,2074,2181,2290,2399,2509,2619,2730,2846,2962,3081,3200,3319,3438,3558,3680,3802,3925,4048,4173,4300,4429,4558,4688,4822,4956,5090,5226,5362,5498,5635,5775,5913,6051,6188
0,0,0,0,0,0,0,0,0,0,0,0,0,0,0,0,5,10,15,20,25,31,37,43,49,56,63,70,77,84,91,98,105,112,119,126,133,140,147,154,161,168,175,183,192,201,211,221,232,243,255,267,281,295,315,335,355,376,399,422,445,468,491,515,541,567,593,620,647,674,702,732,762,792,826,862,899,938,978,1018,1060,1102,1149,1196,1243,1293,1344,1397,1450,1504,1558
0,0,0,0,1,2,3,5,7,10,14,17,22,27,32,39,47,56,67,80,95,112,130,152,174,199,228,257,285,314,344,375,408,443,480,519,565,617,670,726,783,843,903,966,1029,1092,1159,1227,1297,1370,1445,1522,1601,1682,1765,1849,1933,2021,2112,2205,2298,2398,2500,2605,2719,2833,2964,3096,3229,3366,3504,3647,3791,3939,4090,4251,4415,4580,4754,4930,5110,5298,5488,5689,5895,6105,6319,6541,6769,7007,7253
0,0,0,1,2,3,4,6,8,10,13,14,15,16,17,18,19,24,30,37,44,52,60,70,80,91,102,113,124,135,146,157,169,182,195,209,224,240,256,272,288,304,320,336,352,368,384,401,419,437,456,475,495,516,537,560,583,607,634,661,688,716,744,772,800,828,857,886,916,948,981,1014,1047,1081,1115,1149,1183,1217,1252,1286,1320,1355,1390,1426,1462,1499,1536,1573,1611,1650,1689
0,0,0,3,6,10,14,21,28,35,46,56,66,80,95,113,132,151,170,189,210,231,253,275,297,319,341,362,383,405,427,449,471,495,519,544,570,597,625,655,687,720,754,790,827,864,904,950,996,1048,1104,1160,1217,1274,1331,1388,1447,1510,1575,1641,1707,1773,1840,1907,1976,2045,2116,2187,2260,2333,2408,2484,2561,2638,2716,2796,2877,2959,3041,3125,3211,3297,3383,3470,3558,3647,3736,3824,3912,4000,4089
0,0,0,0,0,1,2,4,6,8,10,13,18,24,30,38,47,57,68,81,99,121,144,170,196,224,253,285,319,358,404,452,500,553,608,669,739,816,899,988,1079,1170,1272,1379,1494,1609,1744,1882,2025,2171,2336,2514,2695,2879,3068,3257,3450,3648,3855,4070,4285,4513,4747,4983,5224,5465,5711,5961,6219,6481,6752,7027,7313,7606,7907,8213,8532,8856,9188,9525,9862,10203,10546,10904,11266,11630,11999,12378,12762,13151,13542
0,0,0,0,0,0,0,0,0,0,0,0,0,0,0,1,2,3,4,5,6,7,8,9,10,11,12,13,14,15,16,17,18,19,20,21,22,23,24,25,29,33,37,41,45,49,55,61,67,73,80,87,94,101,108,115,122,129,137,145,153,161,171,181,191,201,212,224,237,250,264,279,294,310,328,345,364,383,403,423,443,464,485,506,528,551,575,599,623,648,674
0,0,0,0,0,1,2,3,4,5,6,0,7,8,9,14,22,31,41,51,64,78,96,117,138,168,197,228,260,292,328,364,401,440,480,523,569,621,676,735,797,859,926,998,1077,1156,1255,1355,1455,1556,1662,1769,1877,1985,2094,2205,2316,2427,2540,2655,2770,2888,3007,3127,3247,3367,3492,3618,3745,3881,4019,4160,4304,4450,4598,4748,4906,5066,5228,5391,5553,5716,5881,6048,6216,6382,6548,6719,6890,7062,7239
0,0,1,2,3,4,5,6,7,8,10,14,22,37,55,80,110,145,187,239,300,370,451,537,623,714,811,916,1023,1137,1258,1386,1524,1669,1816,1987,2182,2402,2642,2893,3151,3417,3714,4013,4335,4657,4994,5341,5706,6087,6520,6966,7421,7887,8362,8842,9340,9856,10397,10957,11517,12102,12691,13293,13912,14531,15178,15840,16516,17227,17954,18684,19433,20205,21002,21811,22633,23468,24332,25210,26093,26976,27865,28764,29676,30593,31525,32494,33479,34483,35500
5,10,15,20,26,33,41,49,58,67,81,98,117,140,164,190,219,248,278,311,348,385,423,461,499,543,587,631,675,720,767,817,869,920,971,1027,1088,1153,1219,1288,1357,1426,1497,1568,1642,1716,1793,1870,1947,2025,2106,2189,2274,2361,2450,2540,2632,2726,2822,2921,3020,3124,3229,3337,3450,3563,3682,3815,3955,4097,4242,4392,4549,4709,4871,5038,5209,5384,5563,5744,5931,6166,6427,6690,6955,7225,7498,7776,8059,8342,8627
0,0,0,0,0,0,1,2,3,6,12,0,13,15,16,17,18,19,22,27,36,47,58,69,80,91,103,115,127,140,157,177,201,225,249,273,302,333,371,415,460,506,553,601,649,697,748,798,850,906,963,1021,1084,1149,1216,1286,1370,1458,1555,1656,1757,1864,1971,2078,2187,2296,2415,2555,2697,2839,2983,3128,3276,3431,3587,3746,3908,4072,4238,4405,4578,4752,4927,5105,5283,5463,5645,5833,6022,6213,6405
0,0,0,0,0,0,0,0,0,0,0,1,2,3,4,5,6,7,12,18,24,30,36,42,48,55,62,69,76,83,90,97,104,111,118,126,135,144,153,162,171,180,189,198,207,216,226,236,246,256,267,278,291,304,317,330,343,357,372,388,404,420,436,452,468,484,500,516,532,548,566,584,603,622,641,661,681,701,721,741,761,781,801,822,843,864,886,909,932,955,978
2,3,5,7,9,11,14,18,23,32,46,67,99,133,176,229,292,361,437,522,608,700,801,912,1023,1148,1288,1431,1576,1729,1888,2051,2232,2421,2615,2819,3036,3256,3482,3712,3945,4181,4423,4668,4921,5174,5444,5721,6000,6283,6581,6887,7195,7506,7821,8136,8451,8775,9102,9431,9760,10097,10435,10774,11115,11456,11801,12145,12495,12848,13204,13561,13919,14282,14650,15031,15419,15811,16209,16614,17024,17433,17843,18255,18669,19086,19508,19934,20369,20813,21262
0,0,0,1,2,3,4,5,6,7,9,11,13,16,20,25,30,35,42,50,60,72,84,97,110,125,140,155,170,191,212,233,256,280,304,334,369,411,459,509,560,613,672,735,801,867,939,1011,1084,1157,1238,1320,1406,1494,1583,1672,1762,1855,1949,2045,2141,2237,2335,2435,2535,2635,2740,2847,2955,3067,3179,3292,3408,3529,3651,3775,3899,4023,4151,4281,4412,4543,4676,4811,4946,5081,5216,5353,5490,5628,5769
0,0,0,1,2,3,4,5,6,10,16,20,25,30,36,48,62,77,93,108,124,141,161,183,205,229,254,280,306,333,361,389,416,450,485,523,565,610,668,731,795,860,928,1001,1081,1161,1245,1333,1421,1509,1604,1702,1803,1906,2008,2113,2221,2333,2449,2569,2689,2817,2947,3080,3215,3350,3492,3635,3781,3932,4090,4254,4426,4606,4798,4996,5202,5414,5630,5846,6065,6295,6526,6770,7017,7266,7522,7781,8043,8314,8586
0,0,0,0,0,0,0,0,0,0,0,0,0,0,0,0,0,0,0,0,0,0,0,0,0,0,0,0,0,0,0,0,1,2,3,4,5,6,7,8,12,19,53,89,124,159,198,238,301,393,484,589,707,711,716,720,724,729,741,753,765,778,792,806,821,836,851,867,884,903,923,944,965,986,1009,1032,1056,1081,1108,1136,1164,1191,1219,1247,1276,1360,1383,1406,1429,1452,1475
0,0,0,0,0,0,0,0,0,1,2,3,4,5,6,7,8,9,10,15,21,28,35,42,49,57,65,73,83,93,103,115,127,141,156,172,194,217,240,265,291,317,343,370,398,426,455,484,514,544,574,605,640,675,710,745,780,817,856,897,938,984,1032,1083,1136,1189,1253,1317,1383,1453,1530,1612,1697,1784,1877,1971,2065,2159,2255,2355,2459,2567,2679,2797,2917,3039,3166,3297,3436,3586,3738
0,0,0,1,4,10,16,23,32,43,55,57,60,64,68,75,83,94,106,123,144,169,197,226,255,286,318,350,382,416,452,490,529,571,615,663,720,781,848,920,994,1068,1145,1224,1311,1398,1488,1579,1670,1761,1852,1944,2037,2134,2232,2331,2431,2532,2635,2740,2845,2952,3060,3169,3279,3389,3499,3610,3725,3845,3966,4089,4213,4340,4467,4597,4730,4866,5004,5146,5291,5439,5589,5744,5900,6059,6219,6378,6542,6710,6880
0,0,0,0,0,0,0,0,0,0,0,13,27,45,64,85,108,131,158,187,217,247,278,310,342,375,409,444,480,518,558,601,645,690,736,788,848,914,981,1050,1125,1209,1293,1379,1480,1581,1695,1820,1946,2074,2206,2344,2486,2638,2794,2950,3120,3291,3464,3638,3812,3990,4169,4348,4530,4712,4901,5089,5279,5473,5668,5865,6068,6275,6482,6694,6911,7128,7347,7567,7788,8010,8235,8460,8686,8917,9152,9397,9644,9894,10147
0,0,0,1,2,4,6,10,14,18,22,26,32,39,49,62,79,101,127,160,196,234,287,348,409,482,559,639,725,817,913,1017,1130,1247,1371,1513,1685,1876,2082,2304,2535,2772,3024,3281,3558,3835,4142,4462,4794,5139,5530,5931,6342,6771,7206,7648,8100,8572,9061,9566,10071,10600,11143,11695,12265,12835,13428,14035,14657,15286,15927,16578,17242,17916,18606,19323,20064,20821,21592,22378,23191,24012,24842,25685,26549,27429,28319,29223,30142,31075,32022
0,0,0,1,2,3,4,5,6,7,10,11,12,13,14,15,20,27,34,44,56,69,83,98,113,129,144,159,174,192,212,232,255,278,301,327,355,391,431,475,522,569,619,670,724,778,838,897,957,1018,1086,1156,1229,1302,1377,1454,1531,1609,1699,1791,1883,1984,2088,2196,2308,2420,2535,2654,2774,2896,3021,3147,3280,3420,3565,3724,3890,4060,4234,4414,4596,4782,4971,5166,5363,5562,5770,5987,6207,6430,6657
0,0,0,0,0,0,0,0,0,0,0,1,2,3,4,5,6,11,16,21,27,34,46,58,70,84,99,115,131,148,166,184,205,226,247,272,297,326,358,392,426,462,498,535,573,611,655,705,756,807,866,926,987,1048,1109,1171,1233,1296,1361,1427,1493,1559,1628,1697,1767,1837,1911,1987,2066,2145,2224,2307,2390,2474,2558,2643,2728,2814,2900,2987,3076,3166,3259,3352,3445,3541,3640,3742,3846,3950,4057
0,0,0,0,0,1,2,3,6,9,14,16,19,24,29,35,42,49,57,68,82,96,112,130,148,169,192,216,243,270,301,334,368,402,437,482,545,615,693,777,864,955,1054,1156,1265,1374,1493,1615,1742,1872,2022,2177,2341,2507,2679,2852,3029,3211,3401,3595,3789,4009,4238,4471,4709,4947,5204,5464,5734,6010,6288,6575,6873,7183,7504,7845,8196,8557,8931,9314,9708,10109,10523,10959,11402,11859,12330,12813,13311,13830,14355
0,0,0,0,0,0,0,0,0,0,0,0,0,0,0,0,0,0,0,0,0,0,0,0,0,0,0,0,0,0,0,0,0,0,0,0,0,0,0,0,0,0,0,0,0,0,1,2,3,4,5,6,7,8,9,10,11,12,13,14,15,16,17,18,19,20,21,22,23,24,26,28,30,32,35,38,41,44,48,52,56,60,81,102,123,144,165,169,173,177,181
0,0,1,2,4,5,6,7,8,9,10,11,13,16,19,22,26,30,36,43,51,60,69,79,89,101,114,127,140,153,166,180,195,210,225,241,260,279,299,320,342,364,386,409,432,455,478,501,524,547,571,596,621,646,673,700,727,757,787,817,847,879,911,944,978,1012,1047,1082,1117,1153,1191,1234,1278,1323,1367,1413,1460,1509,1559,1610,1662,1714,1766,1820,1875,1929,1984,2040,2100,2161,2224
0,0,0,0,0,0,0,0,0,0,0,0,0,0,0,0,0,1,2,3,10,18,30,43,56,74,92,112,132,154,176,200,225,252,279,313,349,385,422,459,498,538,578,619,662,705,751,798,846,895,946,998,1050,1106,1163,1220,1277,1337,1398,1462,1526,1595,1664,1735,1814,1893,1982,2076,2171,2268,2366,2478,2591,2707,2833,2968,3105,3243,3382,3525,3672,3819,3969,4123,4279,4441,4608,4784,4963,5145,5331
0,0,0,0,0,0,0,0,0,1,2,3,4,6,8,15,22,33,45,59,74,90,109,129,149,173,200,227,256,285,315,345,381,420,460,510,566,628,694,762,838,915,998,1083,1175,1267,1365,1470,1580,1695,1816,1948,2082,2217,2357,2500,2643,2795,2947,3103,3259,3426,3596,3772,3955,4138,4340,4555,4777,5003,5244,5502,5770,6051,6348,6659,6978,7304,7640,7985,8337,8697,9073,9463,9858,10262,10675,11105,11549,12012,12480
1,2,3,4,5,7,8,9,12,16,22,28,35,42,51,63,77,92,108,128,149,174,200,230,260,294,335,377,421,471,522,575,633,691,751,820,895,973,1055,1141,1235,1336,1439,1544,1655,1766,1888,2011,2137,2263,2403,2543,2685,2827,2974,3122,3271,3423,3579,3736,3893,4056,4220,4387,4555,4723,4897,5074,5253,5435,5622,5818,6020,6227,6442,6665,6901,7141,7382,7627,7876,8128,8400,8680,8965,9253,9541,9833,10133,10441,10749
0,0,0,0,0,0,0,0,0,0,0,5,11,18,26,35,46,57,72,90,110,130,151,174,197,225,254,283,312,342,373,404,435,466,498,533,572,620,668,718,770,823,877,933,993,1053,1116,1181,1246,1311,1376,1444,1516,1590,1665,1740,1816,1895,1974,2054,2134,2216,2300,2385,2473,2561,2651,2741,2836,2932,3028,3126,3226,3326,3427,3528,3630,3734,3839,3945,4054,4165,4279,4393,4508,4627,4747,4868,4991,5118,5245
0,0,0,0,0,1,2,3,4,6,10,15,20,26,33,40,47,54,62,71,83,98,114,131,148,174,209,248,288,334,382,432,488,546,605,667,739,820,909,1007,1111,1215,1329,1448,1571,1694,1827,1966,2107,2250,2397,2548,2706,2870,3038,3210,3385,3566,3756,3949,4142,4344,4549,4757,4978,5199,5451,5713,5983,6265,6552,6855,7167,7487,7831,8191,8554,8925,9308,9701,10123,10556,11000,11455,11916,12385,12865,13355,13868,14398,14936
3,6,9,12,15,19,23,27,31,35,39,44,49,55,62,72,82,93,105,120,138,156,175,196,217,238,261,284,307,330,354,380,406,435,464,494,529,567,610,655,700,746,794,840,888,936,989,1043,1099,1158,1220,1285,1354,1428,1503,1579,1655,1734,1814,1898,1982,2089,2198,2311,2428,2545,2671,2799,2927,3055,3183,3312,3442,3575,3710,3853,3999,4146,4296,4447,4596,4746,4898,5051,5209,5368,5534,5705,5877,6048,6222
5,13,24,36,51,69,88,111,142,173,208,250,300,352,405,461,525,593,666,747,830,916,1012,1110,1208,1309,1411,1513,1615,1717,1822,1929,2036,2145,2255,2369,2489,2614,2743,2873,3003,3134,3267,3401,3536,3671,3808,3947,4086,4225,4366,4507,4649,4793,4939,5085,5232,5380,5530,5681,5832,5986,6142,6300,6460,6620,6785,6951,7118,7288,7460,7633,7810,7989,8168,8351,8536,8722,8910,9098,9286,9474,9662,9851,10040,10233,10426,10624,10821,11019,11218
0,0,1,3,6,9,12,16,20,24,29,38,51,69,88,108,130,154,179,206,235,266,298,333,368,402,436,470,504,538,575,612,650,689,729,772,818,867,916,966,1017,1068,1119,1172,1227,1282,1340,1399,1460,1521,1582,1643,1704,1765,1829,1893,1957,2021,2085,2150,2215,2279,2345,2411,2477,2543,2612,2681,2751,2823,2897,2971,3045,3124,3204,3286,3368,3451,3535,3620,3705,3795,3886,3977,4068,4161,4256,4352,4449,4548,4649
0,0,0,0,0,0,0,0,0,0,0,0,0,0,0,0,1,2,3,4,5,6,7,8,9,15,21,27,33,39,45,51,57,63,69,75,82,89,97,106,116,129,142,157,172,187,204,222,240,259,278,297,317,341,367,394,421,448,477,506,535,566,598,630,663,696,730,765,800,836,873,916,959,1002,1047,1094,1141,1187,1232,1278,1325,1373,1421,1471,1522,1575,1628,1682,1741,1801,1862
1,3,5,8,11,14,17,20,23,28,35,43,55,72,89,106,124,142,164,187,211,236,261,289,317,348,380,412,444,482,521,561,603,646,690,736,789,843,899,956,1014,1072,1131,1192,1258,1324,1390,1456,1526,1597,1669,1743,1819,1895,1973,2051,2130,2210,2291,2373,2455,2537,2621,2705,2790,2875,2961,3049,3137,3228,3319,3411,3503,3595,3688,3782,3877,3972,4071,4173,4276,4381,4488,4595,4705,4816,4929,5044,5162,5285,5408
0,0,0,0,0,1,2,3,4,5,6,7,9,14,21,31,44,64,87,114,145,179,216,256,296,344,399,455,519,595,679,769,866,970,1084,1211,1361,1525,1703,1901,2105,2317,2542,2772,3008,3244,3500,3764,4045,4339,4654,4980,5314,5652,6005,6365,6747,7153,7592,8048,8504,8993,9492,9997,10526,11055,11623,12203,12802,13418,14055,14734,15427,16130,16844,17598,18362,19132,19915,20709,21539,22381,23242,24150,25067,25997,26941,27917,28907,29914,30932
0,0,0,0,0,0,0,0,0,0,0,0,0,0,0,1,2,3,4,5,6,7,8,13,18,24,30,36,42,48,54,60,66,72,78,84,90,96,102,108,114,120,126,132,138,144,150,156,162,168,174,180,186,192,198,204,210,216,222,228,234,240,246,252,258,264,270,276,282,288,294,300,306,312,318,324,330,336,342,348,354,360,366,372,378,384,390,397,404,411,418
0,0,0,2,7,12,17,23,29,38,49,65,82,104,130,158,184,209,236,263,290,317,346,376,406,439,473,507,542,576,612,649,687,725,763,804,846,888,931,974,1017,1060,1105,1150,1197,1244,1293,1345,1397,1449,1502,1556,1611,1667,1723,1779,1837,1895,1953,2012,2071,2132,2192,2252,2313,2374,2435,2495,2557,2621,2686,2752,2818,2885,2952,3023,3094,3165,3236,3310,3386,3463,3541,3621,3701,3784,3869,3955,4041,4131,4223
0,0,0,2,4,6,8,10,13,16,19,23,29,37,45,57,72,88,104,125,148,173,203,235,267,311,361,412,464,515,571,630,694,760,826,897,977,1061,1146,1235,1330,1429,1534,1642,1754,1866,1984,2107,2231,2361,2502,2651,2813,2976,3142,3310,3485,3673,3870,4071,4272,4482,4696,4910,5138,5366,5625,5889,6157,6428,6701,6993,7288,7588,7900,8222,8549,8879,9215,9555,9910,10283,10660,11041,11426,11821,12223,12638,13063,13503,13950
0,0,0,0,0,0,0,0,1,2,3,4,5,6,8,10,15,21,29,39,51,65,80,99,118,138,159,180,201,224,250,276,301,326,351,378,411,448,485,524,565,607,648,690,738,786,838,894,955,1018,1083,1150,1220,1294,1376,1458,1543,1634,1730,1831,1932,2045,2161,2282,2406,2530,2663,2803,2955,3110,3285,3470,3663,3863,4071,4288,4516,4755,5007,5274,5547,5835,6132,6436,6747,7063,7390,7732,8079,8438,8801
0,0,0,0,0,0,1,4,8,12,17,22,29,39,49,61,74,87,103,122,141,161,182,204,226,254,286,319,352,386,426,468,511,560,609,664,724,785,851,918,991,1064,1142,1227,1315,1403,1500,1598,1701,1806,1922,2040,2162,2284,2409,2536,2667,2800,2935,3074,3213,3362,3517,3673,3834,3995,4169,4351,4536,4731,4940,5165,5390,5621,5859,6121,6400,6689,6985,7286,7594,7907,8229,8564,8905,9247,9601,9966,10342,10733,11132
0,0,0,0,1,2,3,4,6,9,12,15,23,32,41,51,62,77,95,120,149,184,221,260,299,342,386,430,479,534,589,647,709,776,843,916,1000,1095,1199,1313,1431,1550,1679,1814,1962,2110,2273,2438,2613,2791,2980,3175,3374,3573,3778,3983,4193,4406,4625,4845,5065,5295,5533,5773,6013,6253,6506,6762,7028,7295,7566,7842,8124,8407,8693,8988,9289,9598,9916,10241,10568,10896,11226,11556,11893,12238,12590,12946,13307,13674,14043
0,2,5,8,12,17,22,29,37,48,62,76,94,113,135,160,189,222,258,301,348,401,455,510,565,627,694,762,831,900,977,1055,1135,1217,1301,1391,1484,1580,1676,1775,1877,1979,2082,2185,2291,2397,2507,2618,2736,2855,2982,3110,3239,3367,3496,3626,3757,3889,4023,4157,4291,4433,4578,4724,4870,5016,5164,5312,5461,5610,5761,5915,6070,6227,6385,6547,6713,6882,7053,7227,7401,7579,7759,7940,8126,8317,8511,8708,8908,9108,9314
