0,0,0,0,0,0,0,0,0,0,0,0,0,0,0,0,0,0,0,0,0,0,0,0,0,4,0,0,0,0,0,0,4,0,0,1,2,0,0,0,0,0,0,0,0,0,0,0,0,0,0,0,0,0,0,0,0,0,0,1,0,1,0,0,0,0,0,0,1,0,0,0,0,0,0,0,0,0,0,0,0,0,2,0,0,2,1,0,0,0,3,0,0,0,1,1,0,0,0,1,0,0,0,1,0,1,2,1,0,4,0,2,2,0,1,0,0,0,3,0,0,0,1,2,0,0,0,0,0,0,0,0,0,2,2,0,1,0,0,1
0,0,0,0,0,0,0,0,0,0,0,0,0,0,0,4,3,0,4,0,2,0,0,2,0,0,0,0,0,1,0,0,0,0,0,0,1,2,1,2,0,2,0,2,0,0,1,2,0,0,2,0,1,0,0,0,1,0,0,0,0,2,2,0,0,0,3,1,1,1,1,4,2,1,0,2,2,0,1,0,0,0,2,1,0,1,0,5,3,1,2,1,1,7,1,1,0,5,3,1,1,1,1,0,1,1,5,2,2,7,4,2,4,1,3,1,3,1,2,5,1,4,0,1,0,4,0,2,0,1,2,3,6,2,3,4,1,0,4,2
0,0,0,0,0,0,0,0,2,0,2,1,3,0,0,2,0,4,2,1,1,0,1,0,0,1,0,0,0,1,0,1,0,2,0,2,3,0,0,0,0,1,0,0,1,0,0,0,0,0,0,0,0,0,0,0,0,1,0,1,0,0,0,0,0,0,0,0,0,0,2,0,0,0,0,0,0,0,0,0,0,0,0,0,0,1,0,0,1,1,0,0,1,0,4,0,2,2,0,1,1,1,0,1,1,2,4,3,1,3,3,1,0,4,0,1,2,2,3,5,3,0,0,0,1,2,4,2,1,1,0,1,7,2,2,6,1,0,1,0
0,0,0,0,0,0,0,0,0,0,0,0,0,0,0,0,0,0,0,0,0,0,0,0,0,0,0,0,0,0,0,0,0,0,0,0,0,0,0,0,0,0,0,0,0,0,0,0,0,0,0,0,1,0,0,0,1,0,0,0,0,1,0,0,0,0,2,0,0,0,0,1,0,1,0,1,0,0,0,0,0,1,0,0,0,0,0,0,0,0,0,0,0,0,0,0,0,0,1,1,0,0,1,1,0,0,0,0,1,0,1,1,0,0,0,0,0,0,0,0,0,0,0,0,2,0,0,0,0,0,1,0,0,1,1,0,0,0,0,0
0,0,0,1,1,0,0,1,1,1,2,0,2,0,1,2,0,2,2,2,2,1,2,2,0,6,1,0,1,1,2,1,2,2,2,3,4,11,3,3,0,0,7,7,0,0,4,1,1,0,12,3,4,4,3,3,4,10,5,4,0,9,1,0,4,0,10,7,2,1,0,9,4,5,4,9,11,5,6,0,2,3,7,10,1,3,4,10,10,6,4,3,3,17,2,8,9,9,14,12,6,12,11,13,12,23,10,7,17,49,26,10,10,3,18,13,13,24,10,24,14,11,12,25,10,14,5,11,25,11,8,28,33,11,13,16,10,6,10,8
0,0,0,0,1,1,0,2,0,0,1,3,1,0,0,2,2,2,0,2,7,1,2,3,0,3,3,0,0,1,1,0,2,2,1,2,5,3,0,3,2,2,1,4,0,0,3,1,1,0,5,4,6,0,7,6,2,4,9,1,0,9,0,0,2,0,3,3,3,3,1,4,0,1,2,7,2,2,0,0,7,1,1,3,1,3,1,4,0,2,1,2,3,2,4,5,3,1,7,3,0,2,3,3,9,7,4,3,8,21,16,7,6,4,4,3,5,9,7,3,9,7,3,10,13,13,3,6,13,5,3,5,12,5,15,13,2,5,5,11
0,0,1,0,0,0,0,1,1,0,2,0,2,1,0,1,2,0,1,0,1,2,1,0,0,2,1,2,0,1,2,1,1,1,0,2,2,2,0,0,0,2,0,1,1,0,1,4,0,1,2,2,2,1,1,1,1,5,3,1,0,2,0,0,1,0,3,1,2,0,3,5,0,0,2,1,4,1,3,3,0,1,2,2,1,2,0,2,1,1,0,1,3,4,10,1,2,3,4,4,3,4,2,7,8,2,4,5,4,17,9,4,4,4,7,8,4,0,3,7,7,8,6,4,5,3,4,3,7,1,7,2,5,3,3,12,3,10,3,8
0,0,0,0,0,0,0,0,0,0,1,0,2,1,0,2,0,0,3,3,2,2,3,0,0,3,1,0,2,3,5,1,5,2,0,9,5,10,4,4,2,0,10,5,14,0,6,5,4,1,21,2,3,0,4,0,10,11,5,5,0,11,7,4,4,0,9,7,17,7,3,7,5,8,8,9,3,2,3,0,0,1,1,8,3,1,2,13,4,6,5,4,8,9,3,8,6,6,15,19,10,4,11,8,4,28,12,4,12,31,15,16,8,10,19,25,17,23,11,31,9,11,10,26,13,15,10,11,27,10,22,10,47,16,17,18,6,17,7,10
0,0,0,0,0,0,0,0,0,0,0,0,0,0,0,0,0,0,0,0,0,0,0,0,0,0,4,0,0,0,0,2,3,0,0,0,1,1,0,0,1,0,0,0,1,0,0,0,0,0,1,0,0,0,0,0,0,0,2,2,0,1,0,1,0,0,1,3,1,0,2,2,0,1,2,2,1,2,3,1,0,0,2,1,1,3,1,1,5,3,1,3,2,8,0,2,6,2,2,0,2,7,0,2,3,3,3,2,4,16,4,2,3,5,3,10,10,4,5,3,3,3,3,3,6,7,4,5,5,3,2,3,3,4,0,2,2,2,2,2
0,0,0,0,0,0,0,0,0,0,2,0,0,0,0,0,0,0,0,0,0,0,0,0,0,0,0,0,0,0,0,0,0,0,0,0,0,0,0,0,0,0,0,0,0,0,0,0,0,0,0,0,0,0,0,0,0,0,0,0,0,0,0,0,0,0,0,0,0,0,0,0,0,0,0,0,0,0,0,0,0,0,0,0,0,0,0,0,0,0,0,0,0,0,0,0,0,0,0,0,0,0,0,0,0,0,0,0,0,0,0,0,0,0,0,0,0,0,0,0,0,0,0,0,0,0,0,0,0,0,0,0,0,0,0,0,0,0,0,0
0,0,0,0,0,0,0,0,0,0,0,0,0,0,0,0,0,0,0,0,5,1,1,1,0,0,0,0,1,0,0,0,1,1,0,5,1,2,0,1,1,0,1,1,2,0,5,4,0,0,0,0,0,0,0,0,0,4,0,1,0,0,2,0,0,0,2,3,1,0,1,0,3,0,0,0,1,0,0,0,0,0,0,0,0,0,0,2,1,1,0,0,1,1,0,0,1,1,3,6,0,1,0,1,2,6,5,0,0,12,4,1,1,1,4,7,2,6,3,3,1,0,3,3,4,2,2,0,3,0,4,3,6,2,1,2,0,3,1,1
0,0,0,0,0,0,0,0,0,0,0,0,0,0,0,0,0,0,0,0,0,0,0,0,0,0,0,0,0,0,0,0,4,0,0,0,1,1,1,1,3,1,0,0,0,0,0,0,0,0,0,0,1,0,0,0,0,0,0,0,0,0,1,0,0,0,4,1,0,0,0,3,0,1,1,4,1,2,0,1,0,1,3,0,1,3,1,0,1,1,0,3,0,2,1,1,0,3,7,4,0,0,2,1,4,2,2,3,5,5,5,2,0,1,4,2,4,8,3,9,10,6,4,5,7,4,1,2,9,0,4,4,5,3,1,6,2,1,2,3
0,0,0,0,0,0,0,0,0,0,0,0,0,1,1,2,2,1,0,0,5,0,1,0,0,4,1,1,0,1,1,0,0,0,0,1,8,6,3,5,3,1,6,6,7,0,3,1,5,2,4,6,7,0,5,0,2,3,5,3,0,3,1,1,2,0,7,3,3,5,3,11,6,3,5,9,7,0,6,9,11,3,4,5,5,5,2,14,9,14,3,6,4,5,4,9,12,15,15,14,5,12,11,7,14,29,14,12,8,67,22,14,15,19,31,31,17,28,20,29,11,11,24,20,24,20,6,12,30,18,24,24,30,11,22,7,15,9,6,20
0,0,0,0,0,0,0,0,0,0,0,0,0,0,0,0,1,2,2,2,1,1,0,1,0,6,4,3,3,3,3,1,2,3,1,3,8,5,5,5,3,2,1,4,6,0,6,5,6,7,9,8,2,2,16,5,3,6,10,10,0,13,1,3,12,0,17,11,13,13,10,15,8,9,22,13,9,10,10,9,6,11,12,2,5,7,8,18,19,20,10,19,22,17,9,15,18,26,36,54,16,18,16,25,39,41,38,26,23,143,42,31,21,26,39,47,38,53,37,57,40,35,40,47,37,29,15,26,32,20,36,30,58,24,28,31,14,11,25,39
0,0,0,0,0,0,0,0,0,0,0,0,2,1,0,2,1,0,1,2,3,0,2,0,0,1,0,0,0,0,0,0,1,0,1,2,1,1,0,1,0,0,0,1,0,0,1,0,0,1,0,0,1,0,0,0,0,0,1,0,0,0,0,0,0,0,1,0,0,1,0,0,1,0,1,0,0,0,0,2,0,0,0,0,0,0,1,0,0,0,0,0,0,0,1,1,0,2,0,0,0,0,0,1,0,1,1,2,1,1,1,0,0,0,1,0,0,0,1,2,0,0,1,0,0,1,0,0,0,0,0,0,0,0,1,0,0,1,1,1
0,0,0,0,0,0,0,0,0,0,0,2,1,1,5,1,0,2,0,2,4,2,2,4,0,7,2,0,4,15,8,7,4,3,2,13,11,5,3,5,0,0,1,2,2,0,11,3,2,0,0,5,2,2,5,2,1,9,14,0,0,6,2,2,11,0,34,9,4,12,2,26,9,6,19,18,5,6,2,9,22,19,8,4,2,12,11,20,11,11,7,0,11,12,6,7,17,18,18,11,3,9,11,9,13,21,11,9,6,38,19,12,9,19,15,14,7,29,17,23,14,11,26,25,10,14,4,10,22,9,13,11,25,29,19,13,7,12,23,17
0,0,0,0,0,0,0,0,0,0,0,0,0,0,1,2,1,0,3,2,2,0,1,5,0,6,3,2,5,2,4,2,5,6,2,4,5,7,5,5,2,0,2,6,7,0,9,3,0,1,7,4,4,4,4,0,3,4,9,3,0,6,1,3,9,0,23,10,5,10,4,34,3,6,19,26,9,4,11,4,14,5,1,9,6,19,5,18,13,6,13,5,16,24,7,7,25,24,21,13,2,12,14,18,26,16,25,12,7,52,47,38,11,31,26,18,21,26,27,27,21,21,18,37,23,25,7,13,31,17,18,14,31,24,18,29,10,7,12,17
0,0,0,0,0,0,0,2,0,4,1,2,2,2,3,3,3,1,2,4,2,5,2,3,0,6,2,0,0,2,3,2,4,1,4,8,4,9,12,3,2,2,5,3,8,0,15,2,0,3,13,3,4,9,8,1,2,6,28,7,0,13,11,8,5,0,40,3,6,9,13,26,4,7,14,20,11,8,6,8,4,7,11,14,7,14,11,14,10,19,8,13,8,17,9,8,24,20,21,30,18,29,14,24,28,32,20,12,32,118,46,29,18,28,21,32,24,30,20,43,29,23,23,42,30,20,19,19,39,18,9,24,21,18,19,25,5,13,13,26
0,0,0,0,0,0,0,0,0,0,0,0,3,1,1,1,2,1,0,1,1,0,1,0,0,0,0,0,0,0,0,0,0,1,1,3,0,0,0,0,0,1,0,0,0,0,0,0,0,1,1,0,0,0,1,0,1,0,0,0,0,1,0,0,0,0,0,1,0,0,0,0,0,0,0,0,0,0,0,0,0,0,0,0,0,0,0,4,0,0,0,1,1,3,0,1,1,1,1,2,0,0,0,0,0,4,0,0,0,4,1,1,1,0,0,0,0,1,0,1,1,0,1,2,3,1,1,0,1,1,1,1,1,2,2,3,1,0,0,0
0,0,3,0,1,2,1,4,0,1,2,6,0,3,4,7,4,6,8,7,5,0,5,1,0,0,2,1,0,2,2,0,0,2,0,14,5,1,2,1,0,1,1,0,1,0,2,2,2,1,1,2,0,1,2,1,0,1,0,3,0,1,1,0,0,0,1,2,0,0,2,4,1,2,1,1,0,1,0,1,1,3,2,1,2,1,2,3,3,7,4,5,2,12,2,1,6,2,2,2,0,3,1,11,11,6,2,6,3,60,5,18,2,20,21,17,13,17,6,28,19,10,14,0,6,15,6,0,5,3,0,0,0,4,4,2,1,2,2,2
0,0,0,0,0,3,1,1,0,1,2,0,2,1,0,2,2,0,1,0,1,0,1,1,0,0,1,0,0,1,1,0,1,0,0,5,1,1,0,0,0,0,0,0,0,0,1,2,0,0,0,0,0,0,0,0,1,0,0,0,0,0,0,0,0,0,0,0,1,0,2,1,0,0,0,0,0,0,0,0,0,0,0,2,0,0,1,2,0,1,0,0,3,2,1,2,1,0,2,0,0,1,1,2,0,0,2,1,2,9,2,1,4,0,2,1,3,6,1,1,3,1,0,3,1,2,0,0,0,1,1,3,2,2,2,1,2,1,1,1
0,0,0,0,0,0,0,0,0,0,0,0,0,0,0,0,0,0,0,0,0,0,0,0,0,0,0,0,0,0,0,0,0,0,0,0,0,0,0,0,0,0,0,0,0,0,0,0,0,0,0,0,0,0,1,0,0,0,0,0,0,0,0,0,0,0,1,0,0,0,0,0,0,0,0,0,0,0,1,0,0,0,0,0,0,0,0,0,0,0,0,0,0,0,0,0,1,0,0,0,1,0,0,0,0,0,0,0,0,1,0,0,0,0,0,0,0,0,0,0,0,0,0,0,0,0,0,0,1,1,3,0,0,0,0,0,1,0,0,0
0,0,1,11,3,2,5,4,4,3,8,0,1,2,1,2,3,3,2,2,3,0,0,3,0,1,0,0,1,1,2,1,0,0,0,1,2,1,0,0,1,0,0,1,1,0,0,0,0,0,1,0,1,1,0,1,0,1,0,1,0,3,0,0,0,0,0,0,1,0,0,0,0,3,0,3,0,0,1,0,1,2,0,0,1,0,0,2,0,2,0,0,2,0,1,1,2,2,3,1,0,4,0,3,4,3,2,1,1,8,5,4,2,5,2,3,4,0,6,7,2,3,4,2,4,9,3,3,2,2,2,0,5,4,2,0,1,1,1,2
0,0,0,0,0,0,1,0,0,1,3,1,10,2,2,6,12,2,9,11,9,7,2,4,0,13,4,2,1,5,4,5,4,13,0,7,10,19,18,15,5,11,3,4,8,0,7,11,4,4,10,13,5,3,8,4,1,10,4,11,0,13,3,5,6,0,7,5,2,1,9,10,3,1,1,4,3,2,1,0,3,0,1,9,1,5,2,5,5,5,2,2,2,16,2,9,6,10,26,3,5,5,7,6,13,13,12,6,4,31,24,11,5,17,21,14,12,23,15,25,7,7,11,10,12,21,13,13,23,4,13,4,42,14,10,6,7,16,7,19
0,0,0,0,0,0,1,1,1,0,1,2,3,0,1,2,0,0,3,0,4,0,0,0,0,3,0,0,2,1,0,0,0,0,0,4,0,2,0,2,1,0,0,1,0,0,3,0,5,1,2,0,1,0,0,0,0,1,0,1,0,1,1,0,0,0,1,0,1,0,5,0,1,0,2,3,5,12,3,1,1,1,3,2,0,2,1,1,2,0,1,0,0,0,1,2,1,1,1,4,1,3,3,2,2,5,2,4,2,5,3,1,1,3,3,3,4,1,3,3,0,7,1,4,2,7,2,2,3,2,1,1,3,2,2,0,2,1,2,1
0,0,0,0,0,0,0,1,0,0,1,0,1,0,1,3,3,6,4,9,3,7,7,7,0,10,9,4,3,6,8,0,7,4,5,15,22,22,20,5,5,3,16,7,23,0,39,2,29,2,30,7,7,3,5,2,6,6,12,10,0,14,5,3,3,0,10,2,6,3,7,13,11,3,3,12,6,3,17,10,6,5,4,10,4,10,7,9,9,8,7,1,11,20,7,15,15,7,9,9,8,15,14,10,8,25,16,8,10,25,28,10,9,10,5,10,10,16,9,27,29,19,26,43,7,18,13,7,39,14,19,5,45,16,15,12,11,13,15,9
0,0,0,0,0,0,0,0,0,0,0,0,2,4,2,1,1,0,7,0,2,2,0,1,0,0,1,1,0,0,3,4,4,4,3,4,2,2,0,2,1,3,2,1,0,0,0,5,1,0,0,0,0,0,0,1,1,0,2,0,0,0,0,0,0,0,1,0,0,2,2,0,0,1,1,1,0,2,1,1,1,5,0,2,0,2,0,0,0,0,0,0,0,1,1,1,3,0,1,3,2,5,3,3,1,3,4,7,1,2,3,2,0,2,2,2,2,2,1,4,3,2,2,3,3,1,1,0,2,0,0,1,0,1,0,1,1,0,3,2
0,0,0,0,0,0,0,0,1,0,0,1,1,0,0,0,0,1,0,1,0,1,0,0,0,2,0,1,0,0,0,0,0,1,0,1,1,4,0,1,1,0,0,0,2,0,1,0,0,1,0,0,3,138,7,2,0,37,20,24,0,14,9,0,4,0,7,5,9,2,13,5,1,18,102,130,70,51,62,66,109,115,86,95,13,66,193,146,57,19,0,0,6,3,0,3,2,2,0,3,0,38,2,3,4,5,6,0,1,7,6,5,3,3,1,2,2,1,3,5,3,1,1,1,3,1,2,4,2,2,1,2,3,1,2,0,0,0,4,3
0,0,0,0,0,0,0,0,2,1,2,0,2,0,1,4,4,0,2,2,2,0,0,0,0,1,3,0,0,0,0,0,0,0,1,1,1,1,0,0,0,0,0,0,0,0,0,0,0,0,0,0,0,0,1,0,1,0,1,0,0,1,0,1,0,0,1,0,1,0,0,0,0,1,1,0,0,0,1,0,1,0,0,2,0,1,1,0,0,0,1,0,0,5,1,0,0,1,2,0,1,0,2,1,0,0,0,2,1,1,3,1,0,3,3,3,1,1,4,2,2,0,2,3,4,3,0,0,0,0,2,0,1,1,1,0,0,1,0,0
0,0,0,0,0,0,1,0,0,0,0,0,0,3,1,1,2,2,1,4,5,3,4,2,0,1,2,0,1,0,1,0,1,2,1,2,2,2,1,2,0,1,0,1,1,0,2,3,1,1,3,0,3,1,3,2,0,5,4,4,0,1,3,2,3,0,7,2,4,3,1,6,2,2,2,4,1,4,0,1,2,3,1,2,0,3,3,5,2,2,0,4,3,2,2,2,4,9,7,7,3,3,0,8,3,9,5,6,7,15,8,13,5,7,6,9,8,13,9,7,11,8,0,1,4,6,4,3,10,4,2,6,5,5,8,1,1,3,1,5
0,0,0,0,0,0,0,0,0,0,0,2,1,4,2,4,4,2,0,2,3,3,1,2,0,5,1,0,1,0,1,0,4,2,0,4,6,4,2,6,2,2,2,3,11,0,10,5,3,2,4,1,4,1,1,1,4,9,5,5,0,10,2,3,2,0,2,5,4,3,1,7,1,3,4,5,7,1,3,1,2,3,2,1,2,4,1,1,5,4,1,0,4,1,5,3,8,3,3,3,4,1,3,3,0,8,7,2,7,16,6,6,2,9,7,11,6,3,6,9,7,1,11,11,4,5,12,1,18,4,6,4,15,8,3,11,2,1,2,5
0,0,0,0,0,0,0,0,0,0,0,0,0,0,4,1,2,1,1,0,0,1,0,0,0,0,0,0,0,1,0,0,0,0,0,1,2,0,1,0,0,0,0,0,1,0,1,0,0,0,0,0,0,0,0,0,0,0,0,1,0,0,0,0,0,0,0,1,0,0,0,0,0,1,0,1,0,0,0,0,0,0,0,0,0,0,0,0,0,0,0,0,1,2,0,3,1,0,1,0,0,0,0,0,0,0,0,1,2,4,0,1,0,0,1,1,1,0,0,2,2,0,0,0,0,0,0,1,0,0,0,0,0,0,0,1,1,0,0,1
0,0,0,0,0,0,0,0,0,0,0,0,0,0,0,0,0,0,0,0,0,0,0,0,0,0,0,0,0,0,0,0,0,0,0,0,0,0,4,2,1,1,0,0,0,0,0,0,0,0,0,0,1,0,0,0,0,0,2,1,0,1,0,0,1,0,0,1,1,0,2,2,1,0,0,2,1,1,0,1,0,0,0,0,0,3,0,0,0,0,0,0,0,1,0,1,0,0,2,0,0,1,1,2,1,1,2,0,2,1,4,0,0,1,1,1,1,3,1,5,0,1,4,1,1,1,0,2,2,1,2,1,4,2,0,1,1,1,0,1
0,0,0,0,0,0,0,0,0,0,0,0,0,0,0,1,1,0,1,0,2,1,0,2,0,2,0,2,0,1,0,0,1,1,0,1,3,2,0,1,0,0,0,0,2,0,0,0,0,0,3,0,0,1,1,0,0,1,0,0,0,0,1,1,0,0,1,0,1,1,0,1,2,0,2,2,3,0,4,5,2,2,0,1,0,1,6,1,1,2,2,0,0,0,1,5,4,2,2,2,1,3,4,1,2,5,3,2,5,19,4,6,4,2,7,9,2,8,6,9,3,7,5,2,2,3,3,1,4,7,5,5,3,4,5,1,1,3,0,8
0,0,0,0,0,0,0,0,0,0,0,0,0,0,0,0,0,0,0,0,0,0,0,0,0,0,0,0,0,0,0,4,0,0,1,1,2,1,0,0,0,0,0,1,0,0,2,0,0,0,0,2,0,1,2,2,0,2,1,0,0,0,0,1,6,0,12,1,1,3,0,11,1,0,13,4,1,4,0,2,3,1,1,5,0,4,4,13,7,2,3,0,8,7,3,0,4,5,7,10,2,4,4,5,2,4,9,5,5,22,12,7,3,6,7,5,10,10,9,14,7,4,3,14,4,10,5,4,8,0,4,3,13,4,0,12,4,2,4,6
0,0,0,0,0,0,0,0,0,1,3,2,2,2,2,3,3,5,2,5,3,2,2,6,0,10,7,3,1,5,2,7,4,2,6,24,11,14,16,11,6,2,8,7,7,0,14,5,2,6,18,12,6,6,9,5,7,8,18,8,0,31,6,7,22,0,32,9,15,18,18,23,10,16,26,36,20,24,18,24,25,24,23,27,21,20,22,25,31,25,16,19,26,29,17,19,41,33,48,38,14,31,31,35,62,46,31,35,26,134,61,29,18,74,42,63,39,73,24,80,48,47,44,43,45,49,25,28,76,21,24,62,75,49,37,53,17,33,25,29
0,0,0,0,0,0,0,0,2,0,1,0,0,3,2,0,2,2,0,3,4,4,2,4,0,7,3,5,3,5,3,1,2,0,1,5,3,5,6,3,2,2,2,0,4,0,5,0,6,0,0,0,3,1,2,1,0,4,3,2,0,5,5,1,3,0,5,1,4,1,2,10,0,2,6,6,10,3,2,6,7,7,3,7,5,0,6,7,6,7,4,8,7,8,2,4,12,8,14,15,7,10,14,8,26,18,24,7,16,70,16,18,6,27,17,33,23,20,14,23,13,14,11,26,18,17,15,9,12,11,12,17,19,19,15,12,9,2,9,15
0,0,0,0,0,0,0,0,0,0,0,0,0,0,0,0,7,1,1,2,3,1,2,1,0,1,1,0,0,2,1,1,1,1,0,3,10,9,5,0,1,5,0,3,4,0,7,4,2,0,3,8,2,3,2,0,0,1,10,3,0,3,1,2,9,0,20,6,5,7,3,32,1,1,17,33,3,6,4,2,8,11,5,5,3,4,8,7,16,9,1,6,7,5,6,0,11,14,10,5,2,7,3,7,9,8,16,3,10,39,10,12,11,6,15,11,11,17,8,27,15,12,11,17,10,18,11,6,11,3,7,8,17,10,19,9,5,8,5,5
0,0,0,1,1,0,0,1,2,0,2,0,1,2,5,1,2,2,1,3,3,1,2,0,0,2,0,0,1,2,0,2,0,1,1,2,4,1,4,4,3,2,0,0,2,0,6,1,0,1,17,3,2,3,1,22,2,0,3,0,0,6,1,0,1,0,5,1,0,1,1,0,1,6,3,3,9,2,0,0,0,1,0,2,0,0,1,2,2,4,3,0,1,0,3,2,6,0,2,1,2,0,2,4,6,2,5,4,4,12,2,2,3,5,3,2,1,13,5,6,3,3,6,3,6,6,2,2,3,1,2,2,2,5,0,7,0,1,0,4
0,0,0,0,0,0,0,0,0,0,0,0,0,0,0,0,0,0,0,0,0,4,0,0,0,0,0,0,0,0,0,0,0,1,0,0,0,0,0,0,0,1,0,0,0,0,0,1,0,0,2,0,0,0,0,0,0,1,0,0,0,1,0,0,0,0,0,0,0,0,0,1,1,1,1,0,0,0,0,0,0,0,0,0,0,0,0,2,0,0,0,0,0,1,0,0,0,1,1,2,0,0,2,0,2,1,1,0,0,3,2,0,1,0,1,1,0,0,0,0,0,0,1,2,3,1,2,0,0,1,0,3,0,0,0,0,0,0,1,1
0,0,0,0,0,0,0,0,1,2,4,0,1,2,2,2,1,3,2,3,2,0,2,0,0,2,1,0,1,3,0,0,0,2,0,2,3,0,1,0,1,1,0,0,1,0,3,1,1,1,3,2,0,0,0,0,0,0,1,2,0,1,0,1,0,0,2,1,1,1,1,0,3,2,3,2,1,1,1,2,0,0,0,4,0,0,0,1,4,3,0,0,0,1,1,0,4,1,1,1,2,0,5,3,4,9,6,2,4,8,3,6,3,6,3,7,10,3,3,6,3,1,1,6,5,6,5,4,3,0,3,3,6,4,1,5,3,1,2,5
0,0,0,0,0,0,0,0,0,0,0,0,0,0,0,0,0,0,0,0,0,0,0,0,0,0,0,0,0,0,0,0,0,0,0,0,0,0,0,0,1,0,0,0,1,0,0,0,0,0,0,1,0,0,0,0,0,0,1,0,0,0,0,0,0,0,0,0,0,0,1,0,0,0,0,0,0,0,0,0,0,0,0,0,0,0,0,0,0,0,0,0,0,0,0,0,1,0,0,0,0,0,0,0,1,0,0,0,0,1,0,0,0,0,0,0,0,2,0,1,0,0,1,1,2,2,2,1,0,0,0,1,1,1,0,1,0,0,1,3
0,0,0,0,0,0,0,0,0,0,0,0,0,1,0,0,3,1,1,3,1,1,1,0,0,4,1,1,0,2,0,0,1,0,1,1,1,3,3,1,1,0,1,0,0,0,0,0,1,1,1,1,1,2,1,2,0,0,1,1,0,1,2,0,1,0,4,1,0,1,0,1,1,2,3,1,0,4,2,2,3,1,2,1,1,1,2,1,3,0,1,1,3,2,0,3,5,6,7,0,0,6,6,5,14,8,12,13,2,27,9,7,8,11,9,11,9,12,5,14,8,9,7,5,5,4,0,0,8,4,2,9,4,6,5,6,4,1,4,10
0,0,0,0,0,0,0,0,0,4,5,2,6,1,6,6,6,6,4,5,16,3,8,5,0,10,6,1,1,4,5,3,4,6,2,11,10,8,15,9,3,5,6,2,16,0,13,9,2,1,8,9,11,7,8,10,5,12,25,16,0,51,7,32,12,0,34,15,21,12,17,30,12,15,74,48,9,9,21,22,20,21,24,15,9,23,23,26,44,34,8,15,18,35,29,15,35,32,59,35,24,24,29,36,60,48,79,29,41,164,110,62,24,52,50,62,58,89,29,96,42,39,40,58,32,35,28,30,29,21,15,33,56,23,22,45,16,19,14,39
0,0,0,0,0,0,0,1,1,3,1,1,1,1,1,3,1,0,2,1,1,2,0,3,0,1,2,1,0,0,0,0,1,3,0,3,2,5,8,0,0,2,6,0,6,0,5,3,2,1,4,2,2,2,1,2,1,2,5,0,0,1,1,0,7,0,11,3,4,3,2,5,3,2,10,5,0,2,5,0,3,2,4,5,0,3,1,12,3,6,2,2,3,10,0,1,6,3,7,5,4,12,2,7,11,17,14,11,3,25,19,2,6,5,11,9,9,17,9,18,12,3,9,10,9,8,6,2,8,3,7,2,8,6,3,7,0,4,6,6
0,0,0,0,0,0,0,0,0,0,1,0,0,0,0,0,0,0,0,0,0,0,0,0,0,7,2,0,3,2,0,2,3,6,4,2,5,8,0,1,1,0,1,4,10,0,5,5,4,1,2,2,0,3,1,0,0,6,3,1,0,0,0,0,1,0,4,3,2,2,1,3,2,3,2,7,1,3,0,1,2,3,1,2,0,0,1,1,4,1,3,3,3,0,0,0,2,3,4,6,1,5,2,2,7,6,4,3,5,16,9,5,1,6,10,1,7,9,2,4,2,6,5,24,5,4,2,7,6,2,6,6,10,1,3,3,2,2,5,7
0,0,0,0,0,0,0,1,0,0,1,1,4,0,0,2,1,2,1,4,3,1,3,4,0,5,0,1,1,8,2,2,4,1,0,6,5,5,3,3,2,4,0,2,2,0,7,2,2,2,3,5,1,2,9,3,2,7,10,1,0,1,1,0,1,0,8,1,8,4,2,4,1,2,5,4,0,3,0,1,5,3,0,7,3,2,0,8,5,1,3,2,1,9,6,2,10,3,20,5,5,5,7,8,4,4,4,6,9,17,14,5,5,4,6,7,5,5,2,9,1,3,4,3,3,9,1,2,7,5,5,4,3,7,6,7,0,4,3,9
0,0,0,0,0,0,0,0,0,0,1,1,2,1,4,3,0,0,2,2,0,2,0,5,0,14,5,3,3,4,2,0,4,6,5,3,8,11,7,2,5,6,2,5,4,0,6,4,1,3,7,2,11,6,1,1,0,8,3,2,0,10,2,1,1,0,6,8,3,0,4,2,4,3,4,2,0,1,2,3,3,1,1,6,0,1,1,7,1,1,0,0,1,7,3,1,5,1,17,4,5,4,7,0,1,10,9,7,9,21,8,4,1,2,4,5,2,6,4,7,2,1,9,6,4,3,1,6,6,4,5,3,13,9,7,5,5,3,0,4
0,0,0,0,0,0,0,0,0,0,0,0,0,0,0,0,0,0,0,0,0,0,0,0,0,0,0,0,0,0,0,4,1,0,0,1,0,0,0,0,1,0,0,0,0,0,1,0,0,0,0,0,1,0,0,0,0,0,0,1,0,0,0,0,0,0,1,2,0,0,1,1,1,0,0,0,0,0,0,1,1,0,1,3,0,0,0,1,0,0,0,0,1,0,1,1,1,0,0,2,0,0,1,1,0,1,2,1,2,5,4,1,1,4,1,2,2,2,2,0,2,3,2,0,2,3,0,0,0,0,0,0,0,1,1,1,0,0,0,0
0,0,0,0,0,0,1,0,1,0,1,2,2,1,2,3,2,7,5,12,4,7,5,8,0,11,11,5,4,7,6,8,5,6,5,34,36,25,44,26,10,1,20,14,15,0,33,8,6,4,20,5,6,15,20,2,4,11,26,13,0,22,6,6,34,0,61,21,32,19,23,80,9,22,103,95,16,19,19,19,55,49,47,26,25,30,45,76,77,51,40,22,62,78,12,35,61,44,98,53,22,49,44,58,75,77,60,35,62,195,91,44,28,56,71,74,62,102,61,118,62,65,56,101,55,98,23,52,95,35,58,76,99,69,83,88,31,38,41,55
0,0,0,0,0,0,0,0,0,0,0,0,0,0,0,0,0,0,0,0,0,0,0,0,0,0,0,0,0,0,0,0,0,0,0,0,0,0,0,0,0,0,0,0,0,0,0,0,0,0,0,0,0,0,0,0,0,0,0,0,0,0,2,0,0,0,0,0,0,0,0,0,0,0,1,0,0,0,0,0,0,0,0,0,0,0,0,0,0,0,0,0,0,0,0,0,0,0,0,0,0,0,0,0,0,0,1,0,1,3,2,0,0,2,6,0,0,0,0,3,0,1,0,0,4,0,1,0,15,0,0,0,2,3,2,2,0,0,2,0
0,0,0,0,0,0,0,1,0,2,3,0,0,0,4,0,1,0,2,0,1,0,0,0,0,1,0,0,0,0,0,1,0,1,0,2,0,1,2,1,0,0,0,0,0,0,1,1,1,0,3,3,0,1,0,0,2,4,1,0,0,6,0,0,1,0,0,0,0,0,1,1,0,1,1,3,1,0,1,0,0,0,2,2,0,1,1,7,0,1,0,0,0,3,1,0,0,1,5,2,1,1,2,2,0,0,2,2,0,3,2,2,1,1,1,1,1,10,4,1,1,4,3,7,4,0,1,8,6,0,0,0,8,3,2,1,2,4,1,3
0,0,0,0,0,0,0,0,0,0,0,0,0,0,0,3,2,1,3,2,6,3,1,1,0,3,2,0,0,2,4,4,9,3,2,9,11,24,11,7,6,2,7,4,15,0,12,6,9,2,20,5,7,7,11,3,10,8,25,16,0,30,4,3,15,0,30,12,19,9,15,30,9,27,24,20,20,12,12,19,51,13,25,22,24,22,20,36,34,57,29,6,31,42,13,19,49,38,74,57,21,45,20,39,44,34,56,35,50,189,66,49,30,38,45,73,53,96,52,72,43,47,57,63,40,57,16,39,66,29,28,61,84,61,42,45,18,23,38,63
0,0,0,0,0,1,0,0,1,0,0,0,0,0,0,0,0,0,4,1,1,0,1,0,0,2,1,0,0,0,1,0,0,2,0,6,1,3,1,0,2,0,0,0,0,0,0,0,1,0,1,1,0,0,0,0,0,0,0,0,0,1,1,0,0,0,0,0,0,0,0,0,1,2,0,0,1,0,1,0,1,0,0,0,0,0,0,1,0,0,1,0,1,2,0,0,1,0,0,2,0,3,1,1,2,0,3,3,0,9,3,1,0,2,0,3,1,3,3,2,2,0,1,0,2,3,2,0,0,1,0,2,0,0,0,0,1,0,0,0
0,0,0,0,0,0,0,0,0,0,0,0,0,2,0,0,1,5,3,4,2,2,2,2,0,11,0,0,2,3,4,2,0,5,0,5,4,10,4,1,3,0,9,1,4,0,4,2,2,1,8,2,1,3,5,2,2,0,0,3,0,4,4,2,1,0,6,1,2,0,1,7,2,4,6,3,6,4,7,2,6,7,6,10,5,2,6,10,11,15,4,8,6,22,3,6,9,10,24,19,4,4,13,5,6,15,10,6,15,35,25,3,10,6,16,17,6,20,6,40,9,17,12,23,7,16,7,7,15,7,21,6,31,13,11,15,9,13,4,20
0,0,0,0,0,0,0,0,0,0,0,0,0,0,0,0,0,0,0,0,0,0,0,0,0,0,0,0,0,0,0,0,0,0,0,0,0,0,0,0,0,0,0,0,0,0,0,0,0,0,0,0,0,0,0,0,0,0,2,0,0,0,0,0,0,0,0,0,0,0,0,0,0,0,0,0,0,0,0,0,0,0,0,0,0,0,0,0,1,0,0,0,0,0,0,1,0,0,0,0,0,0,0,0,0,0,0,0,0,0,0,1,0,0,0,0,0,0,0,0,0,0,0,0,0,0,0,0,0,0,0,0,0,0,0,0,0,0,0,0
0,0,0,0,0,0,0,0,0,0,0,0,0,0,0,0,0,0,0,0,0,0,0,5,0,2,0,0,0,1,1,0,1,0,0,2,2,2,0,2,0,0,0,1,2,0,3,0,0,0,2,0,0,0,1,0,2,3,2,1,0,2,1,0,2,0,2,1,2,0,0,5,4,1,1,1,4,2,0,0,0,0,3,1,0,1,1,4,2,0,0,0,2,4,2,4,1,1,11,2,2,2,2,2,2,3,6,0,0,5,4,2,1,2,5,3,2,3,1,3,3,3,0,0,2,0,0,1,5,3,2,0,3,1,2,5,1,8,1,7
0,2,1,0,2,2,0,0,2,1,8,2,3,1,2,1,2,1,2,4,0,2,0,3,0,5,0,2,1,1,3,0,3,1,0,3,10,0,0,3,0,0,3,2,1,0,3,1,2,1,5,0,3,1,4,0,0,1,4,2,0,3,1,3,0,0,1,1,0,0,1,3,0,4,1,4,1,0,3,3,3,4,0,1,2,4,1,0,4,1,1,0,1,0,2,1,6,3,0,2,3,2,11,4,6,10,6,2,5,23,9,1,1,7,2,5,6,10,2,15,8,17,6,5,5,5,5,2,4,3,2,4,9,6,5,2,0,6,3,6
0,0,0,0,0,0,0,0,0,0,1,0,2,0,0,3,1,5,4,5,6,4,3,1,0,7,3,1,2,3,4,2,5,3,3,4,10,3,10,7,2,4,9,6,6,0,7,1,2,2,5,4,3,3,4,2,4,8,13,3,0,7,3,2,3,0,6,2,4,3,7,10,1,1,8,9,10,8,4,4,3,0,6,14,4,4,9,8,2,4,5,3,7,11,9,6,9,3,17,8,5,12,5,7,17,18,16,9,15,30,25,10,6,15,8,20,17,26,13,35,15,15,14,19,19,21,8,6,15,10,11,16,20,12,11,9,7,7,11,17
0,0,0,0,0,0,0,0,0,3,3,0,0,0,0,0,0,0,0,0,0,0,0,0,0,0,0,0,0,0,0,0,0,0,0,0,0,0,0,0,0,0,0,0,0,0,0,0,0,0,0,0,0,0,0,0,0,0,0,0,0,0,0,0,0,0,0,0,0,0,0,0,0,0,0,0,0,0,0,0,0,0,0,0,0,0,0,0,0,0,0,0,0,0,0,0,0,0,0,0,0,0,0,0,0,0,0,0,0,0,0,0,0,0,0,0,0,0,0,0,0,0,0,0,0,0,0,0,0,0,0,0,0,0,0,0,0,0,0,0
0,0,0,0,0,0,0,0,0,0,0,0,3,0,1,5,2,4,2,2,6,1,4,3,0,6,3,0,2,4,1,0,0,4,0,7,11,12,3,9,3,3,5,13,10,0,8,0,5,4,16,7,2,3,10,4,0,9,20,5,0,25,7,6,8,0,10,8,15,11,9,22,9,16,19,23,14,7,15,11,13,15,13,20,11,13,9,20,19,17,5,13,25,16,11,15,25,14,30,17,15,14,21,19,22,31,32,17,21,51,36,24,15,31,17,24,32,30,17,46,24,29,27,35,24,35,27,15,53,10,13,22,50,25,23,21,10,17,10,23
0,0,0,0,0,0,0,0,0,0,3,1,1,0,1,5,2,3,3,3,7,0,7,5,0,11,10,11,0,6,2,4,7,3,6,5,14,5,2,2,4,1,5,2,15,0,1,2,5,0,6,6,0,0,8,0,0,6,6,5,0,4,1,0,2,0,11,6,5,3,12,3,4,4,0,10,9,4,10,2,7,6,8,1,3,4,10,7,2,8,4,8,4,10,2,9,15,9,11,14,12,14,9,12,15,7,11,7,4,43,16,8,7,10,16,17,4,15,6,22,10,13,13,4,6,11,9,6,13,13,9,13,22,12,9,14,2,13,11,8
0,0,0,0,0,0,0,0,0,0,0,2,3,0,1,3,5,2,4,6,2,3,6,5,0,8,2,2,1,6,3,1,0,5,0,8,7,5,0,2,2,3,1,2,2,0,4,3,1,1,8,0,4,6,6,1,1,1,4,2,0,6,0,1,7,0,9,0,0,2,3,5,1,2,0,6,0,1,2,2,1,3,1,1,2,2,4,4,2,7,3,9,6,4,1,7,7,0,10,6,2,5,4,4,6,4,7,3,5,6,14,0,3,1,6,6,8,6,4,8,4,4,6,19,4,13,6,6,12,3,8,3,17,9,12,8,2,3,5,5
0,1,1,0,0,1,1,3,1,2,11,6,7,10,16,14,10,7,10,15,11,13,12,12,0,52,15,15,7,14,9,10,22,16,6,7,30,20,30,43,7,12,7,14,28,0,58,22,2,22,17,18,18,10,20,7,14,30,17,17,0,31,19,1,3,0,20,10,11,17,10,19,9,8,5,9,6,5,5,5,36,9,3,16,6,6,5,17,8,16,14,2,37,27,12,10,13,15,36,16,13,18,12,11,22,33,24,23,18,82,38,24,21,19,44,33,14,49,24,59,17,28,26,31,19,59,21,24,43,11,24,40,58,41,31,24,20,15,25,29
0,0,0,0,0,0,0,0,0,1,0,2,0,2,0,1,0,0,3,1,3,2,1,0,0,1,3,0,0,2,3,1,2,0,2,2,2,2,1,0,1,0,0,3,2,0,2,0,0,2,3,6,6,1,1,5,1,5,3,3,0,7,3,2,1,0,14,12,5,2,2,3,5,1,4,5,0,1,1,8,3,1,2,5,1,2,4,3,0,6,3,7,1,7,13,6,10,7,8,12,3,8,5,8,10,18,26,4,10,93,22,14,10,17,21,20,29,78,16,25,17,12,26,12,21,13,14,17,14,8,9,15,10,15,22,9,20,4,13,29
0,0,0,1,0,0,0,1,0,2,1,0,0,0,1,1,4,5,2,1,5,2,7,4,0,2,2,2,1,2,4,4,1,1,2,8,12,7,5,6,1,4,2,2,4,0,6,5,3,3,5,3,8,4,11,4,8,6,5,15,0,19,3,6,2,0,9,8,16,12,3,18,5,13,5,5,12,4,6,9,27,3,1,9,2,4,1,6,26,6,5,1,3,10,3,5,7,8,6,7,3,5,3,9,11,8,4,4,5,16,12,11,5,3,8,11,9,21,13,15,14,11,11,10,9,9,12,10,18,6,8,6,22,6,4,13,6,10,4,13
0,0,0,0,0,0,0,0,0,0,0,0,0,0,0,6,1,0,1,1,0,0,2,0,0,3,0,0,0,2,2,1,2,2,0,7,2,4,6,7,0,0,0,1,2,0,10,1,7,1,10,2,3,1,1,1,2,3,4,5,0,6,5,3,3,0,8,4,1,4,4,9,2,5,9,5,5,12,5,5,1,4,3,3,5,2,8,6,10,3,2,9,3,7,3,4,8,8,10,8,6,6,3,5,0,11,11,7,6,24,17,10,8,8,12,7,8,29,9,21,6,8,10,15,11,12,4,8,28,8,5,10,26,12,12,10,10,7,5,10
0,0,0,0,0,0,0,0,0,0,0,0,0,0,0,3,3,4,0,1,4,2,3,1,0,4,1,2,0,3,1,0,0,1,1,3,2,3,1,1,0,1,1,2,0,0,2,2,1,2,1,2,3,2,6,0,0,3,5,1,0,5,2,1,6,0,11,6,3,3,6,4,5,3,5,7,2,6,3,2,9,3,3,6,0,6,4,3,6,10,7,5,5,5,3,7,10,2,15,7,2,12,10,8,17,13,16,10,11,59,22,13,8,8,12,23,10,17,16,17,9,13,6,8,9,15,5,11,6,15,0,16,14,9,6,17,3,5,4,7
0,0,0,0,0,2,1,1,1,1,2,4,3,1,8,4,3,1,0,4,1,1,6,0,0,0,1,0,1,3,0,2,1,2,0,4,3,0,0,0,0,1,0,1,1,0,2,1,0,1,0,0,1,2,0,0,1,1,0,0,0,0,0,0,2,0,2,1,0,0,1,0,2,1,0,1,0,1,1,0,1,0,1,1,0,2,4,3,1,1,0,2,0,1,0,0,4,0,2,3,1,1,4,6,2,5,0,3,5,8,2,0,1,0,0,1,2,2,0,3,1,1,1,2,0,2,0,3,3,2,0,0,1,2,2,1,0,1,0,1
0,0,0,0,0,0,0,0,0,0,0,0,0,1,2,1,2,1,7,3,1,1,1,0,0,2,0,1,0,0,1,0,0,1,0,5,1,1,4,2,0,0,3,0,3,0,4,1,0,0,3,2,2,0,0,0,0,0,1,5,0,1,0,1,3,0,2,2,5,3,1,6,2,4,3,4,1,2,3,6,1,0,8,5,2,1,5,4,3,3,0,0,2,1,8,3,2,2,5,4,3,2,7,1,7,3,7,1,4,19,5,6,4,5,12,13,6,10,3,8,3,7,6,3,10,7,2,2,3,1,0,1,2,7,5,6,1,0,6,4
0,0,0,0,0,0,0,0,0,1,1,1,0,0,2,3,0,2,2,2,3,3,2,3,0,4,1,1,0,0,2,0,1,4,0,4,5,1,3,1,2,1,1,2,9,0,4,1,0,0,4,1,2,1,3,0,0,3,3,7,0,3,0,4,3,0,4,0,2,3,4,7,1,3,8,9,1,4,1,5,4,2,3,3,6,1,1,4,1,5,3,6,6,7,3,5,10,9,9,9,5,6,5,5,13,3,8,10,11,32,18,13,5,7,14,12,7,26,6,24,5,12,12,11,12,20,4,7,10,2,14,6,21,13,13,16,4,12,14,12
0,0,0,0,0,0,0,0,0,0,1,0,0,0,0,0,4,1,2,1,0,0,1,2,0,4,2,3,0,0,4,1,0,4,0,2,1,5,5,1,2,2,3,4,2,0,3,2,3,0,3,3,2,1,6,4,1,4,3,1,0,3,0,3,2,0,7,7,4,1,5,2,3,1,4,2,0,2,2,3,7,2,1,7,2,4,5,1,1,3,0,0,4,3,1,2,3,2,2,5,4,2,2,3,6,8,8,4,3,19,13,6,2,7,5,8,4,13,2,14,5,9,7,6,8,5,3,2,3,1,7,2,8,9,9,10,1,8,5,7
0,0,0,0,0,0,0,0,0,0,0,0,1,0,1,1,0,1,3,4,4,3,0,4,0,2,1,0,2,1,3,0,6,4,1,8,10,9,16,10,4,3,7,3,6,0,12,3,3,0,17,10,6,1,1,3,4,8,4,5,0,5,5,8,7,0,18,7,7,7,3,9,7,15,6,7,12,6,14,12,6,5,9,13,7,5,5,18,8,15,2,5,8,14,6,9,13,3,13,10,4,10,9,11,5,20,10,11,16,42,25,16,16,25,16,20,17,31,15,39,18,11,19,17,13,20,12,15,33,8,20,8,34,20,25,33,16,13,15,16
0,0,0,0,0,0,0,0,0,0,0,0,0,0,0,0,0,0,0,0,0,0,0,0,0,0,0,0,0,0,0,0,0,5,0,0,2,1,1,0,0,0,0,0,0,0,1,0,0,0,1,0,0,0,0,0,1,4,0,0,0,6,1,0,2,0,6,2,2,1,7,5,0,2,7,7,5,5,1,3,1,5,5,6,1,3,1,3,6,4,1,1,5,8,1,1,1,8,3,10,2,7,1,4,3,5,6,3,3,22,5,5,5,8,13,1,8,10,8,11,6,6,3,9,5,9,2,4,6,5,3,12,9,3,3,2,4,7,2,6
0,0,0,0,1,0,0,1,3,2,1,0,4,0,2,6,3,4,4,2,7,5,5,6,0,9,4,2,4,5,8,3,0,3,2,12,28,6,4,6,4,1,5,1,17,0,16,7,3,1,13,14,3,5,13,1,2,5,12,10,0,16,6,5,7,0,24,0,14,1,7,6,7,7,6,9,5,4,10,7,5,7,3,11,6,3,17,27,7,13,8,7,14,9,9,8,18,12,13,12,6,11,12,19,25,14,15,8,6,81,23,23,14,7,23,20,21,18,23,45,29,22,21,25,16,25,17,7,31,11,25,29,23,26,25,24,12,16,9,22
0,0,0,0,0,0,0,0,0,0,0,0,0,5,1,2,3,3,2,0,0,1,0,0,0,0,0,0,0,0,0,0,1,1,0,2,1,0,0,1,0,0,0,0,0,0,0,0,1,0,0,1,0,0,0,0,0,0,0,0,0,1,0,0,1,0,1,0,0,0,0,1,0,0,0,0,0,0,1,2,3,1,0,0,0,1,0,2,3,1,3,0,3,2,1,1,4,3,0,5,1,1,0,6,3,2,3,0,2,12,6,2,3,5,6,4,3,2,2,3,5,1,1,0,1,3,1,2,2,0,0,2,1,1,0,1,1,3,1,0
0,0,0,0,0,0,0,0,0,0,0,0,0,0,0,0,0,0,0,0,0,0,0,0,0,0,0,0,0,0,0,0,0,0,0,0,0,0,0,0,0,0,0,0,0,0,0,0,0,0,0,0,0,0,0,0,0,0,0,0,0,0,0,0,0,0,0,0,0,0,0,0,0,0,0,0,2,0,0,0,0,0,0,0,0,0,0,0,0,0,0,0,0,0,0,0,1,0,0,0,0,0,0,0,0,0,0,0,0,1,0,0,0,0,0,0,0,0,0,0,0,0,0,0,0,0,0,0,0,0,0,0,0,0,0,0,0,0,1,0
0,0,0,0,0,0,0,0,0,1,1,2,1,2,1,0,0,1,1,4,4,2,1,2,0,3,4,1,3,4,1,1,3,2,1,4,1,7,3,5,2,0,6,3,7,0,11,0,0,1,3,5,2,2,0,1,1,10,8,4,0,7,3,3,5,0,5,4,4,0,6,16,3,6,4,6,5,3,0,4,7,5,1,15,15,7,10,22,3,15,20,2,7,11,1,6,9,2,17,8,3,8,18,15,8,13,5,5,9,22,12,4,11,5,8,16,9,11,27,7,18,17,17,19,7,3,5,8,10,3,13,9,20,20,9,13,6,8,8,23
0,0,0,0,2,5,0,2,5,4,4,3,8,6,5,12,6,4,2,11,12,4,4,5,0,1,4,1,2,4,3,1,1,4,1,15,11,9,3,5,2,0,4,3,4,0,7,3,2,1,2,1,4,6,1,1,0,6,4,4,0,2,1,0,5,0,12,0,3,1,3,5,4,4,4,4,5,0,4,2,3,4,1,7,2,0,3,8,5,9,5,6,2,20,3,4,5,4,17,8,2,7,3,13,14,10,17,8,13,36,17,16,3,8,13,23,13,16,9,35,13,12,7,10,17,12,7,16,20,11,11,9,17,9,7,9,5,11,7,5
0,0,0,0,0,0,3,2,1,0,9,2,4,1,2,3,3,2,2,1,2,0,3,1,0,3,0,0,0,0,0,1,1,0,2,2,1,2,1,0,0,0,1,0,1,0,1,4,1,0,1,1,1,1,1,1,1,2,1,0,0,2,0,0,2,0,0,0,0,0,1,2,1,0,1,3,0,0,0,1,0,1,0,0,0,0,1,2,0,1,0,0,0,8,0,1,1,0,1,3,0,1,5,1,5,0,7,1,2,12,6,4,2,2,4,4,2,6,6,8,2,2,2,3,3,2,1,3,6,1,4,2,3,3,0,4,2,1,3,1
0,0,0,0,0,0,0,0,0,0,0,0,0,0,2,7,2,2,1,4,6,3,4,3,0,3,2,1,1,1,0,2,6,4,2,20,9,8,11,8,5,3,8,2,4,0,18,4,6,1,10,5,2,14,4,2,4,11,14,7,0,23,3,3,17,0,46,10,12,15,11,55,12,3,35,35,14,2,3,18,20,23,13,13,9,20,21,30,28,23,12,16,16,32,12,15,34,31,40,31,12,26,22,19,32,36,34,21,38,97,47,25,12,30,30,30,23,42,28,41,25,22,30,29,24,37,9,23,43,8,28,26,54,37,23,30,16,25,13,34
0,0,0,0,0,0,0,0,0,0,0,1,0,2,2,1,1,2,0,1,3,0,0,1,0,1,0,0,1,1,5,3,2,2,2,2,4,2,2,5,1,0,6,3,3,0,10,2,1,2,9,3,2,1,2,2,2,0,4,3,0,7,3,0,4,0,7,4,2,1,1,0,6,4,4,3,8,1,6,5,7,1,1,2,1,0,1,4,3,2,3,1,8,4,4,2,3,8,1,6,3,6,7,4,6,10,9,7,6,24,13,12,8,12,12,13,6,22,1,27,10,13,8,11,5,11,11,10,10,1,5,10,13,6,8,7,2,7,5,12
0,0,0,0,0,0,0,0,0,0,0,0,0,0,0,0,0,0,0,0,0,0,0,0,0,0,0,0,0,0,0,0,0,0,0,0,0,0,0,0,0,0,0,0,0,0,0,0,0,0,0,2,1,3,0,0,3,1,0,0,0,0,0,0,0,0,1,1,0,0,0,0,0,0,0,0,1,0,1,0,1,0,0,0,0,0,0,1,0,0,0,0,0,0,0,0,1,0,0,0,0,0,0,1,0,0,0,0,0,1,0,1,0,1,0,0,0,4,1,0,0,1,1,0,0,0,0,0,0,0,1,1,0,2,0,0,2,0,1,1
0,0,0,1,0,0,1,0,2,0,7,0,2,6,6,5,6,7,11,7,7,9,7,7,0,13,7,4,5,6,5,5,8,7,5,20,38,13,17,15,7,3,15,5,21,0,24,6,7,8,22,12,18,5,2,2,3,12,17,4,0,19,8,7,8,0,22,8,4,5,9,10,7,8,15,8,10,13,29,9,5,10,19,11,6,4,14,6,11,8,7,10,7,15,5,11,19,19,26,22,19,10,23,22,21,28,30,20,15,74,35,23,23,17,22,36,53,51,23,56,38,33,27,42,26,46,17,22,41,11,32,34,59,31,28,34,9,21,29,39
0,0,0,0,0,0,0,0,0,0,0,0,0,0,0,0,0,0,0,0,0,0,0,0,0,0,0,0,0,0,0,0,0,0,0,0,0,0,0,0,1,0,0,0,0,0,0,0,0,0,0,0,0,0,0,1,0,0,1,0,0,0,0,0,0,0,0,0,0,0,0,0,0,0,0,0,0,0,0,0,0,0,0,1,0,0,0,0,0,0,0,0,0,0,0,0,1,1,2,2,0,0,0,0,0,1,1,1,2,6,0,2,2,0,2,2,2,1,1,2,3,0,3,0,1,2,0,0,2,0,0,1,1,2,2,1,0,0,0,0
0,0,0,0,0,0,0,0,0,0,0,0,0,0,0,0,0,0,0,0,0,0,0,0,0,0,0,0,0,0,0,4,0,0,0,1,0,0,1,7,1,0,4,0,2,0,2,0,1,0,0,0,1,0,1,0,0,2,2,0,0,1,0,0,5,0,0,1,0,0,0,2,1,0,0,1,1,2,1,0,0,3,4,1,4,0,2,3,4,0,0,5,1,2,2,0,1,1,5,2,1,0,2,2,2,4,5,1,7,17,5,3,0,6,5,6,6,1,0,3,2,3,2,2,3,2,0,1,4,2,4,3,4,1,3,3,0,3,2,3
0,0,0,0,0,0,1,1,2,0,2,0,3,0,3,1,4,3,5,1,5,2,4,1,0,8,3,0,0,6,3,3,1,6,3,7,15,11,4,5,1,1,1,3,9,0,16,1,1,3,12,1,6,2,3,5,6,12,5,3,0,3,3,0,7,0,13,1,8,7,8,6,1,4,0,12,7,2,12,7,9,8,6,14,2,3,4,10,5,5,3,0,2,10,2,8,6,7,16,8,5,9,6,4,13,10,15,5,6,24,20,5,2,10,9,14,7,16,4,15,15,11,12,24,11,13,6,15,16,9,17,7,30,12,9,12,6,6,10,14
0,0,0,0,0,0,0,1,0,1,3,0,2,0,1,0,0,0,1,2,3,0,2,0,0,1,3,0,2,0,1,1,2,0,0,4,3,2,2,1,0,0,0,0,0,0,0,0,0,1,2,2,0,0,2,0,0,2,1,0,0,1,0,0,0,0,1,0,0,0,0,1,1,0,0,0,1,0,0,0,1,0,3,0,0,0,0,1,0,0,1,0,0,3,5,1,3,0,0,1,0,2,0,2,1,3,0,1,0,3,2,0,0,0,2,2,0,5,2,5,1,2,1,0,3,2,0,2,2,2,2,1,4,1,3,0,2,0,1,0
0,0,0,0,0,0,0,0,0,0,0,0,0,0,0,0,0,0,0,0,4,1,1,3,0,0,0,0,0,0,1,0,1,1,0,0,0,0,2,1,0,0,0,0,0,0,0,1,0,0,0,0,0,0,1,0,0,3,2,1,0,0,0,0,2,0,0,0,0,0,0,3,0,0,0,3,0,0,0,0,0,1,0,0,1,0,0,1,0,0,2,0,1,1,0,1,0,0,2,1,0,3,0,2,1,5,2,2,1,4,2,1,1,1,1,2,3,1,1,4,4,2,0,4,2,7,1,0,5,0,4,0,8,0,3,1,0,1,0,0
0,0,0,0,0,0,0,0,0,0,0,0,0,0,0,0,0,0,0,0,0,0,0,0,0,0,0,0,0,0,0,0,0,0,0,0,0,0,0,0,1,0,0,0,0,0,0,0,1,0,0,0,1,0,0,0,0,3,0,0,0,1,0,0,0,0,0,0,0,0,0,0,0,0,0,1,0,0,0,0,1,0,0,1,0,0,0,1,0,0,0,0,0,0,0,0,1,0,0,0,0,0,0,2,0,0,0,0,1,0,1,0,0,2,0,0,0,0,0,0,1,0,0,0,3,1,0,1,0,0,0,0,1,1,1,0,0,1,1,0
0,1,0,0,0,0,0,0,0,1,1,0,1,1,0,1,1,2,0,2,2,1,0,1,0,4,0,0,1,2,1,0,1,5,1,5,3,2,0,2,2,3,3,3,2,0,5,2,2,2,3,2,0,2,0,0,1,5,2,2,0,33,9,2,3,0,8,4,4,2,5,4,1,1,6,5,8,4,6,8,5,2,4,4,0,3,2,2,4,3,1,4,2,11,5,2,8,5,9,5,4,1,6,16,6,10,4,3,11,47,19,11,7,4,13,14,7,20,5,14,5,9,10,12,10,4,12,3,5,8,8,10,6,4,4,9,2,2,12,10
0,0,0,0,0,0,0,0,0,0,0,0,1,1,0,0,3,1,1,3,1,1,1,0,0,4,1,1,0,1,2,0,0,0,1,0,8,1,2,0,0,1,0,2,3,0,3,1,0,0,4,0,0,4,3,1,0,4,0,6,0,1,0,1,5,0,12,3,2,1,2,10,7,4,12,7,4,2,2,6,3,1,7,4,2,12,6,13,19,11,3,9,5,14,2,8,21,10,19,28,8,10,8,23,22,17,16,12,19,70,28,24,13,11,22,28,16,30,21,33,14,30,25,23,10,27,9,18,27,11,15,11,29,15,17,18,9,7,11,10
0,0,0,0,0,0,1,0,0,0,0,0,0,0,1,0,0,0,0,2,3,0,0,0,0,1,0,0,1,0,0,0,2,0,0,1,1,1,0,2,0,0,0,0,0,0,0,0,0,0,2,0,0,0,2,1,1,0,1,1,0,0,0,0,0,0,1,1,1,0,0,2,1,0,0,0,0,0,2,2,0,0,0,0,1,0,2,0,4,2,0,3,1,5,2,3,8,5,10,6,2,5,9,4,8,4,7,2,2,23,7,2,7,5,4,3,7,5,5,14,10,8,8,5,5,9,3,3,10,5,6,6,11,3,13,4,3,0,4,4
0,0,0,0,0,0,0,0,0,0,0,0,0,0,0,4,0,1,1,1,2,0,2,0,0,0,1,0,1,0,0,1,0,0,0,0,1,0,0,0,0,0,0,0,0,0,0,0,0,0,1,0,1,0,0,0,0,0,0,1,0,0,0,0,1,0,0,0,1,0,0,0,0,1,0,0,0,0,1,0,0,0,0,0,0,0,0,1,0,4,0,0,0,0,0,0,0,0,0,2,0,0,0,0,1,2,0,2,0,1,0,0,1,2,2,4,0,1,0,2,1,1,2,0,1,2,1,0,1,0,1,2,2,1,0,2,1,0,1,0
0,0,0,0,0,0,0,1,0,0,1,0,3,2,3,0,3,2,3,1,5,1,2,2,0,1,1,1,1,4,2,0,4,1,0,5,3,1,5,1,1,5,8,2,8,0,6,6,9,2,10,2,10,0,6,1,2,1,1,1,0,10,5,1,1,0,10,5,4,6,3,4,1,7,2,4,2,4,5,6,0,0,0,6,4,4,3,4,6,4,2,4,2,6,1,3,8,3,5,5,5,7,7,12,6,19,4,3,5,18,18,6,3,5,12,6,6,15,7,20,9,8,14,16,3,19,9,9,21,5,10,15,40,15,14,14,6,9,5,6
0,0,0,0,0,0,0,0,0,0,0,0,0,0,0,0,0,0,0,0,0,0,0,0,0,0,0,0,0,0,0,0,0,0,0,0,0,0,0,0,0,0,0,0,0,0,0,0,0,0,0,0,0,0,0,0,0,0,0,0,0,0,0,0,0,0,0,0,0,0,0,0,0,0,0,0,0,0,0,0,0,0,0,0,0,0,0,0,0,0,0,0,0,0,0,0,0,0,0,0,0,0,0,0,0,0,0,0,0,0,0,0,0,0,0,0,0,0,0,0,0,0,0,0,0,0,0,0,0,0,0,0,0,0,0,0,0,0,0,0
0,0,0,0,0,0,0,0,0,0,0,0,0,0,0,0,0,0,0,0,0,0,0,0,0,0,0,0,0,0,6,0,1,0,0,1,2,2,0,1,1,0,1,0,1,0,0,1,2,1,1,2,0,1,0,0,0,0,0,1,0,0,1,0,0,0,0,0,0,1,0,0,0,0,1,0,0,1,2,1,0,0,0,0,0,0,0,0,0,1,0,0,0,2,0,0,2,0,4,6,1,0,1,0,3,0,3,5,2,8,4,0,3,2,4,6,0,3,1,2,1,3,5,2,5,2,0,0,3,2,2,6,4,2,1,2,4,0,4,2
0,0,0,0,0,0,0,0,2,1,3,1,3,1,1,3,2,3,3,4,1,3,4,1,0,3,1,0,1,0,1,3,0,1,1,8,5,8,2,1,1,1,1,0,3,0,5,1,1,1,6,2,1,4,4,1,0,5,9,4,0,8,6,1,1,0,8,1,1,3,3,13,2,4,8,7,3,5,6,6,2,4,4,10,9,10,2,9,5,7,9,1,6,12,4,5,4,13,11,17,14,11,4,13,15,17,14,17,18,47,15,21,10,15,19,27,16,27,16,20,11,24,15,18,8,22,9,3,12,9,5,20,9,12,14,7,4,8,5,10
0,0,0,0,2,0,1,3,1,5,3,2,1,4,4,4,1,1,5,5,8,10,3,9,0,6,4,4,0,4,0,5,6,12,6,12,52,13,15,19,15,9,20,5,12,0,29,5,12,5,10,20,14,7,11,6,9,5,13,8,0,17,6,11,9,0,14,3,15,8,9,8,7,5,16,13,15,11,14,14,14,7,6,6,6,12,11,16,15,11,11,15,12,25,13,11,20,19,16,47,13,14,22,49,24,25,28,19,31,123,23,30,29,20,42,29,24,47,24,49,31,29,25,32,29,30,28,24,35,35,14,46,37,26,51,32,27,13,39,40
0,0,0,0,0,0,0,1,0,0,1,0,1,1,0,2,1,1,2,0,3,3,4,2,0,2,1,0,2,3,1,1,1,3,0,0,6,3,2,2,1,0,3,0,1,0,5,0,1,1,9,4,1,0,3,2,1,0,0,1,0,2,2,4,2,0,2,5,0,3,5,3,2,4,2,2,3,3,5,2,1,1,3,1,3,1,5,3,3,2,1,2,3,2,2,2,4,1,6,2,3,1,1,4,3,3,4,2,11,27,18,4,2,12,3,9,6,5,9,19,29,6,11,4,15,11,4,6,11,1,3,4,6,11,9,14,1,2,8,2
0,0,0,0,0,0,0,0,0,0,0,0,0,0,0,0,6,3,2,3,2,1,2,1,0,2,1,0,1,0,0,0,1,0,0,0,0,1,1,1,1,0,2,0,0,0,0,2,0,0,0,3,0,3,1,0,1,0,2,0,0,2,0,1,2,0,2,0,0,2,0,1,3,0,2,0,3,0,0,0,2,0,1,2,1,1,1,3,1,1,1,0,1,2,0,1,5,1,1,2,2,1,2,5,5,7,2,1,1,19,2,1,1,2,3,4,6,7,8,5,9,5,7,4,2,2,3,3,5,1,3,3,5,3,2,5,0,1,3,2
0,0,0,0,0,0,0,0,0,0,0,0,0,4,2,1,0,1,1,2,3,1,0,1,0,1,0,0,0,1,0,0,1,1,0,3,6,1,3,1,0,0,6,0,3,0,2,2,7,0,4,2,2,0,2,2,3,1,4,5,0,1,0,1,2,0,1,3,1,0,0,1,0,3,4,2,2,1,1,7,5,9,3,3,2,0,3,2,4,3,1,1,3,3,1,2,9,4,3,0,2,4,7,8,5,6,5,10,3,26,12,5,5,9,10,5,10,22,5,11,6,7,11,12,4,9,4,8,13,5,10,9,14,12,7,11,3,7,6,3
0,0,0,0,0,0,0,0,0,0,0,0,0,0,0,0,0,0,0,0,0,0,0,0,0,0,0,0,0,0,0,0,0,0,0,0,0,0,0,0,0,0,0,0,0,0,0,0,0,0,0,0,0,0,0,0,0,0,1,0,0,0,0,0,0,0,0,0,0,0,0,0,0,0,0,0,0,1,0,0,0,0,0,0,0,0,0,0,0,0,0,0,0,1,0,0,0,0,0,0,0,0,1,1,1,0,0,3,0,3,1,0,0,0,0,0,0,0,0,0,0,0,0,0,1,0,0,0,0,0,0,0,0,0,0,0,0,0,0,0
0,0,0,0,0,0,0,0,0,0,0,0,0,1,0,2,1,1,0,5,0,1,1,1,0,1,1,2,0,1,1,2,2,2,1,3,10,4,2,5,1,1,13,0,4,0,7,1,33,0,13,11,13,2,2,0,3,5,4,2,0,16,0,1,2,0,4,4,9,5,4,8,6,6,10,6,28,5,13,5,1,3,6,11,3,5,3,11,4,12,12,8,9,12,4,10,0,6,11,4,6,8,6,8,14,11,13,5,9,26,45,3,1,3,19,16,6,18,9,11,14,5,4,16,9,10,8,12,18,6,11,3,18,9,2,4,10,11,13,6
0,0,0,0,0,0,0,0,0,0,0,0,0,0,0,0,0,0,0,0,0,0,0,0,0,0,0,0,0,0,0,0,0,0,0,0,0,0,0,0,3,0,0,0,2,0,0,0,2,1,1,1,0,0,0,0,0,0,3,0,0,0,0,0,0,0,0,0,1,0,0,0,0,0,1,0,0,0,0,0,2,0,0,0,0,0,0,0,0,0,0,1,0,0,0,0,0,3,1,1,0,0,0,0,0,1,0,1,1,2,2,2,0,1,1,0,0,1,2,4,0,0,2,1,0,0,0,0,0,0,3,2,1,0,1,2,0,0,4,1
0,0,0,0,0,2,1,0,1,0,3,0,0,0,0,0,0,0,5,1,2,2,2,0,0,5,1,2,1,1,0,1,0,3,0,0,2,1,1,1,0,0,0,0,2,0,0,0,1,1,2,2,0,0,1,0,0,1,1,0,0,2,1,0,0,0,2,0,0,0,0,2,0,0,1,0,1,0,0,0,1,0,0,0,1,0,0,0,2,2,0,0,2,0,3,0,2,3,2,1,2,2,2,1,2,2,1,3,4,9,5,3,2,0,2,2,1,4,1,4,0,28,0,2,2,2,1,2,3,1,1,0,1,0,3,2,2,3,0,2
0,0,0,0,0,0,0,1,0,1,2,1,0,3,3,2,1,2,3,0,0,0,0,2,0,1,0,0,0,0,0,0,0,1,0,3,4,1,0,0,1,0,1,1,0,0,0,0,2,0,0,0,1,0,2,0,0,4,1,1,0,0,0,0,0,0,3,0,0,0,0,3,0,2,1,1,0,1,0,0,1,2,1,2,0,0,0,0,1,1,2,1,1,2,0,1,0,2,2,1,0,3,1,1,0,2,0,4,1,4,1,2,1,5,3,2,4,5,1,3,4,2,0,7,0,0,0,1,0,2,4,2,3,4,3,3,0,2,0,0
0,0,0,0,0,0,1,0,0,1,3,2,5,1,2,2,2,1,2,5,9,6,4,4,0,13,4,0,5,6,5,5,6,4,2,2,16,13,9,9,5,2,4,2,6,0,23,7,5,3,18,7,8,15,5,9,7,8,11,8,0,19,11,6,12,0,41,35,16,15,16,41,23,14,30,29,19,15,13,14,27,20,22,29,7,17,34,24,37,30,12,4,23,26,11,14,42,42,26,31,11,17,30,10,37,34,41,17,27,125,50,35,17,35,42,51,28,55,21,72,35,40,40,31,27,35,31,14,39,26,22,58,51,38,28,24,16,8,21,29
0,0,0,0,0,0,0,0,0,0,0,0,0,0,0,0,0,4,2,1,0,1,0,1,0,4,1,1,0,2,0,0,3,1,2,0,3,0,2,0,0,0,0,0,2,0,0,0,1,0,0,0,0,0,1,0,0,0,0,1,0,1,1,0,0,0,0,0,0,0,0,0,0,0,0,0,2,1,0,0,0,1,0,0,0,0,0,1,0,1,0,0,1,0,0,2,3,1,0,1,0,0,1,0,0,2,1,0,1,3,1,1,0,2,1,1,3,2,2,1,1,0,0,0,0,2,0,0,0,0,0,0,0,0,2,1,1,0,3,3
0,0,0,0,0,0,0,0,0,0,0,0,0,0,0,0,0,0,0,0,0,0,0,0,0,0,0,0,0,0,0,0,0,0,0,4,3,1,2,0,0,0,2,0,0,0,0,0,1,0,2,0,0,0,0,0,1,0,1,0,0,0,0,0,0,0,0,1,0,0,0,0,0,0,1,3,1,2,0,1,0,0,2,0,0,0,0,0,1,1,2,0,0,1,0,2,4,2,2,0,0,0,1,0,1,3,2,0,1,5,0,6,0,0,0,4,1,2,2,8,0,1,2,1,2,6,4,3,3,2,2,3,6,3,3,2,2,1,6,2
0,1,0,1,1,1,0,2,2,6,4,1,1,4,4,9,1,2,2,1,0,2,3,1,0,1,1,0,0,1,0,2,0,1,0,1,2,2,1,0,0,0,1,1,0,0,0,0,0,0,2,0,1,0,1,0,0,2,0,1,0,1,0,0,1,0,0,2,0,0,1,0,0,0,0,2,0,1,0,0,0,2,0,0,1,0,0,1,1,1,1,1,1,2,2,0,2,3,1,4,2,5,2,9,3,7,4,2,3,21,8,4,7,14,3,3,7,1,5,4,5,0,3,3,2,8,4,4,3,1,1,3,4,2,4,2,1,0,4,1
0,0,0,0,2,1,1,1,0,0,2,0,0,1,4,0,5,3,2,1,1,1,2,3,0,3,0,0,0,0,3,2,0,0,0,6,0,1,0,2,2,1,0,1,0,0,1,3,1,0,1,1,0,3,2,0,0,0,1,2,0,3,2,0,2,0,1,2,0,1,0,1,1,0,2,0,0,1,1,0,3,1,0,1,1,0,1,1,1,0,0,1,1,2,2,2,2,1,2,2,1,4,4,1,5,0,3,4,2,12,3,4,3,4,5,6,5,4,3,3,7,4,4,3,8,5,1,1,5,0,1,5,6,0,2,4,3,1,4,1
0,0,0,0,0,0,0,0,0,0,0,0,0,0,0,4,0,0,0,0,0,0,0,0,0,1,0,0,0,0,0,0,0,1,0,1,1,0,1,0,1,0,0,0,0,0,0,0,0,0,0,0,0,0,2,0,0,0,0,0,0,0,1,0,0,0,0,0,0,0,0,0,0,0,0,0,1,0,0,0,0,0,0,1,0,0,0,0,0,1,0,0,0,0,1,0,1,0,1,1,0,0,0,0,0,0,0,0,1,8,1,0,0,1,3,0,1,2,2,3,1,0,2,0,1,0,2,0,1,0,1,1,1,1,2,2,2,1,1,0
0,0,0,0,0,0,0,0,0,0,0,0,1,2,1,1,2,2,0,4,1,2,3,0,0,5,1,0,0,1,1,4,3,0,1,6,3,2,1,3,1,1,2,5,3,0,6,1,0,0,1,8,2,2,4,2,1,10,13,2,0,12,3,2,7,0,19,13,15,31,2,29,2,2,12,34,1,6,7,5,14,12,6,7,1,12,9,21,16,11,11,6,10,27,3,4,17,15,20,13,1,15,7,7,14,16,13,4,12,38,15,8,5,4,11,19,5,17,8,25,5,22,12,16,14,13,8,12,15,6,13,27,10,21,21,13,2,10,10,9
0,0,0,0,0,0,0,0,0,0,0,0,0,1,1,1,2,1,2,1,4,1,0,0,0,2,1,0,0,0,0,1,1,1,0,3,4,0,0,1,0,0,0,0,1,0,2,1,0,0,2,1,1,0,0,0,0,0,1,0,0,0,0,0,1,0,3,0,2,0,2,0,3,1,1,0,58,1,2,0,1,5,0,0,0,1,7,2,2,0,0,2,2,6,0,0,0,1,0,1,0,3,3,3,2,2,1,2,6,3,6,3,1,1,2,1,2,3,0,3,3,2,1,4,3,3,0,3,3,0,3,3,4,3,1,3,1,2,0,4
0,0,0,0,0,0,0,0,0,0,0,0,4,0,1,0,0,0,2,3,1,0,0,1,0,3,4,1,0,3,2,2,4,4,1,5,4,3,3,6,1,1,4,0,5,0,8,2,2,1,4,1,1,3,4,0,3,2,3,7,0,7,4,2,1,0,3,1,4,1,4,0,4,5,5,8,5,2,1,3,3,4,1,3,2,3,2,12,0,6,3,3,1,5,2,2,3,2,7,6,1,7,8,6,10,12,4,1,10,18,12,4,4,2,9,7,4,18,4,20,5,2,12,7,7,4,6,1,28,3,6,1,27,1,6,6,3,16,11,4
0,0,0,0,0,0,0,0,0,0,0,2,0,0,0,1,2,0,1,1,2,1,1,0,0,0,1,0,1,0,0,0,1,3,2,0,3,3,2,3,4,1,1,2,5,0,5,1,3,2,2,3,14,3,0,8,6,4,12,1,0,12,3,0,3,0,5,6,5,1,5,4,2,0,3,4,1,0,2,2,3,1,0,3,1,1,5,4,2,2,0,3,4,6,6,1,5,5,9,16,7,7,8,10,8,5,7,7,3,32,10,6,6,8,4,11,12,9,10,11,8,6,4,5,3,12,5,8,7,5,10,6,13,4,7,4,4,4,4,4
0,0,0,0,0,0,0,0,0,0,0,1,1,1,0,1,2,2,1,1,6,3,7,3,0,16,3,4,0,7,4,2,3,2,2,7,8,8,2,7,4,1,4,5,7,0,13,5,5,8,7,2,9,29,5,5,1,4,12,4,0,10,5,3,18,0,33,3,6,6,1,35,2,5,19,25,11,7,2,2,15,11,5,16,7,10,15,7,22,24,11,14,25,23,3,12,34,15,26,34,12,10,14,27,34,29,38,18,24,65,25,30,13,20,29,37,20,28,15,43,24,29,20,31,17,29,20,19,18,14,17,32,25,23,19,18,6,15,15,16
0,0,1,0,0,1,0,0,0,1,0,0,1,0,0,2,2,2,1,3,0,4,2,2,0,6,1,1,2,1,0,1,3,1,0,4,4,3,7,4,2,1,0,1,7,0,5,1,2,1,8,4,2,3,7,1,2,3,0,2,0,4,2,0,1,0,4,2,2,2,0,11,4,2,5,12,0,4,1,4,4,2,5,11,3,2,2,6,4,9,1,3,5,6,2,5,6,10,11,10,3,2,9,6,5,19,9,2,3,22,24,12,7,10,7,12,6,11,11,14,18,7,6,11,8,11,5,5,14,5,11,16,19,15,10,5,3,8,6,5
0,0,0,0,0,0,0,0,0,0,0,0,1,4,1,2,2,2,3,5,1,6,3,2,0,6,2,4,3,3,3,2,3,3,0,13,18,8,10,5,4,2,12,7,12,0,14,5,10,9,17,10,6,8,12,5,14,8,10,5,0,26,6,3,6,0,16,20,16,9,13,9,11,12,13,11,16,12,16,8,7,4,4,4,9,7,11,21,12,12,6,0,8,13,9,10,15,5,7,16,11,7,14,19,13,13,8,6,17,41,23,9,14,8,7,10,9,11,14,21,16,19,19,26,19,21,12,6,38,6,14,9,44,15,19,26,6,11,12,20
0,0,1,1,2,0,0,4,1,1,4,3,8,4,4,5,6,12,10,19,5,0,8,5,0,10,6,2,6,11,7,3,5,9,2,20,16,26,13,20,15,9,27,4,21,0,35,12,10,6,33,14,15,3,13,5,8,12,16,13,0,25,4,6,2,0,19,5,18,12,5,26,8,9,17,20,19,9,17,13,7,9,6,17,11,15,16,26,11,21,10,2,10,19,15,20,21,16,24,23,12,27,23,34,32,44,22,18,27,86,53,26,13,29,30,43,34,55,19,63,32,38,26,59,27,39,27,28,60,21,32,28,97,40,39,56,23,33,30,47
0,0,0,0,0,0,0,0,0,0,0,0,0,0,0,0,0,0,0,0,0,0,0,0,0,0,0,0,0,0,0,0,0,0,0,0,0,5,0,0,0,0,0,0,0,0,0,0,0,0,0,0,0,0,0,0,0,1,0,0,0,1,0,1,1,0,0,1,0,0,0,0,0,1,0,0,0,0,0,2,1,0,1,1,0,1,1,0,2,1,1,1,0,1,0,1,2,3,7,6,2,1,1,2,2,0,0,2,3,9,5,4,2,1,4,6,3,7,2,6,1,3,4,4,6,4,0,2,7,1,1,1,0,1,1,1,0,1,0,0
0,0,0,0,0,0,0,0,1,0,2,3,1,0,0,1,3,2,3,4,2,0,3,5,0,7,4,5,2,3,5,2,9,10,2,8,14,8,4,14,4,2,10,7,8,0,14,4,6,0,11,6,8,2,3,1,4,5,4,10,0,10,1,5,8,0,15,1,16,6,3,11,3,7,8,8,11,6,12,4,5,8,4,4,12,5,1,8,4,4,3,4,7,4,16,11,14,11,11,14,6,7,12,8,10,15,6,3,14,34,24,9,10,11,11,13,12,13,8,18,12,15,17,19,18,13,10,13,19,15,17,9,27,14,10,20,2,8,6,13
0,0,0,0,0,0,0,0,0,1,7,0,3,0,3,6,0,5,4,8,11,1,5,3,0,11,5,2,3,4,5,2,3,7,5,9,10,11,11,9,8,2,2,6,10,0,10,8,2,5,13,7,2,6,8,2,4,12,8,4,0,12,3,5,7,0,26,4,7,7,13,21,5,11,31,21,14,19,25,11,42,20,13,14,15,18,14,21,18,26,17,10,10,27,6,10,22,22,35,43,18,20,26,42,55,34,41,37,24,127,52,38,36,46,38,46,35,59,54,55,55,34,50,38,37,40,22,16,47,27,21,53,46,28,30,34,8,9,19,32
0,0,0,0,1,1,0,1,1,0,3,0,1,4,3,4,1,1,1,1,0,0,4,1,0,0,0,1,0,0,0,1,0,0,0,0,0,0,2,1,0,0,0,0,1,0,0,1,0,0,0,0,1,0,0,0,0,1,0,0,0,1,3,1,0,0,0,1,1,2,0,1,2,3,2,0,0,0,0,0,2,2,0,0,0,0,0,0,1,0,1,0,1,1,0,0,0,0,0,0,0,1,0,0,1,5,2,2,0,8,1,0,0,0,3,0,2,1,0,0,1,0,0,0,1,0,2,1,2,1,0,1,0,0,1,0,0,1,0,1
0,0,0,0,0,0,0,0,0,0,0,1,1,0,1,1,2,1,8,6,8,1,8,5,0,5,3,2,3,2,4,4,6,7,0,20,17,34,15,10,5,9,20,14,25,0,21,9,14,2,74,7,12,9,16,1,18,10,14,11,0,39,13,12,20,0,26,14,20,8,14,15,16,22,18,25,33,21,33,18,14,1,3,21,13,11,19,24,23,22,11,11,16,27,15,14,26,17,24,24,3,18,23,14,14,32,28,14,30,91,55,14,10,17,18,21,32,31,27,40,41,40,30,47,40,26,33,16,68,16,35,22,105,23,42,66,14,45,29,50
0,0,0,0,0,0,0,0,1,0,0,2,2,1,2,5,4,2,7,4,6,9,7,12,0,23,1,10,3,7,9,5,8,16,2,43,56,51,26,14,7,6,26,1,16,0,22,5,16,4,28,7,9,5,10,0,3,3,20,10,0,19,10,10,9,0,14,7,16,8,15,23,10,11,31,13,25,10,8,7,10,8,11,5,12,13,6,19,12,22,16,26,16,16,10,17,15,3,19,76,11,24,13,29,29,27,35,19,20,149,37,20,27,30,39,54,29,54,29,58,20,32,53,39,36,54,39,30,27,31,18,91,72,60,47,75,62,9,52,52
0,0,0,0,0,0,0,1,4,2,2,2,3,5,1,4,2,1,5,6,2,5,2,2,0,12,5,0,2,0,0,1,0,2,1,7,2,3,5,2,1,1,1,6,2,0,27,9,3,1,0,1,10,1,0,0,0,1,7,0,0,4,4,0,2,0,3,0,0,1,2,2,4,3,0,1,0,0,4,2,0,1,2,3,2,3,3,2,5,3,0,3,5,4,3,3,6,1,3,3,5,7,1,13,5,2,4,3,5,21,10,1,4,3,4,1,9,2,1,9,2,4,3,8,2,5,1,5,5,1,3,6,7,5,4,8,1,3,4,3
0,0,0,0,0,0,0,0,0,0,0,0,2,0,0,0,1,3,1,2,2,2,3,2,0,2,0,3,1,0,0,0,0,0,0,0,0,0,1,0,0,0,0,0,0,0,0,0,0,0,1,2,0,0,0,0,0,0,0,0,0,2,0,0,0,0,0,0,0,0,0,1,0,0,0,0,0,0,0,0,1,0,0,0,0,0,0,1,0,0,2,0,0,0,1,0,2,0,0,0,0,1,0,1,0,0,2,0,1,3,1,1,0,2,0,0,1,1,0,0,0,2,0,0,0,2,0,2,1,0,1,1,1,1,2,0,1,0,0,0
0,0,0,0,0,0,0,0,0,0,3,0,0,2,1,0,4,5,3,8,6,5,11,2,0,7,2,5,4,6,1,2,3,10,3,15,32,25,17,12,7,7,21,14,24,0,43,4,10,14,39,4,11,10,31,6,9,17,23,23,0,33,14,9,11,0,24,16,17,11,11,12,23,38,18,26,17,14,25,18,10,10,25,17,13,19,12,27,18,17,14,5,3,27,15,12,18,10,19,16,7,19,15,10,14,17,10,8,14,52,19,13,10,7,19,19,19,21,15,51,10,23,21,45,28,23,27,12,42,11,11,17,73,20,29,34,10,30,23,28
0,0,0,0,0,0,0,1,0,1,1,1,0,1,1,1,2,3,4,2,4,3,1,1,0,8,2,0,1,3,2,5,5,11,1,14,17,3,4,8,1,0,4,1,4,0,14,7,5,2,12,7,1,1,2,1,4,4,6,4,0,5,4,4,5,0,23,10,9,6,18,10,5,13,20,21,12,3,9,11,17,19,6,22,7,5,12,18,11,27,15,15,11,29,5,8,18,20,30,14,17,23,14,15,30,31,28,22,27,92,44,23,12,24,40,45,35,46,22,55,22,40,37,34,26,34,9,10,30,11,8,29,39,34,28,17,8,12,16,26
0,0,0,0,1,0,0,3,0,1,3,0,0,0,15,8,0,10,10,5,0,14,0,8,14,23,0,0,47,15,5,0,31,0,0,0,34,14,0,36,0,26,37,0,31,0,23,5,6,35,30,19,0,15,26,9,0,42,14,0,55,22,10,0,10,80,6,15,26,17,5,30,17,11,7,5,5,0,9,6,25,6,7,6,0,21,0,15,0,14,5,0,16,25,16,21,25,0,17,15,19,17,25,0,38,0,52,0,24,49,7,7,24,21,10,47,27,0,41,0,58,27,30,0,58,44,20,35,0,40,0,5,41,13,17,21,10,12,7,12
0,0,0,0,0,0,0,0,0,0,1,0,3,0,1,3,5,1,2,10,4,1,7,4,0,9,5,0,3,4,3,6,4,2,2,13,13,6,11,2,7,7,3,4,8,0,28,3,2,7,35,3,8,8,11,1,2,7,17,7,0,31,0,11,17,0,25,10,9,18,8,22,11,17,29,30,4,6,5,9,23,16,12,8,3,14,23,10,22,9,5,2,10,16,9,9,17,16,18,21,10,10,18,21,29,32,24,12,17,92,49,41,11,24,25,40,24,55,26,35,21,30,31,25,26,24,21,14,21,22,9,15,26,4,21,20,10,13,8,21
0,0,0,0,0,0,0,0,0,0,0,0,0,0,1,2,2,0,4,3,5,3,7,6,0,10,0,2,4,5,4,4,10,11,4,22,13,7,14,6,2,5,3,8,26,0,41,12,5,14,15,24,7,21,16,7,3,17,17,7,0,13,6,8,11,0,15,5,8,5,8,22,10,17,7,21,10,14,12,11,16,15,12,27,6,3,6,24,9,10,3,6,5,36,9,11,17,7,21,13,5,5,11,6,11,17,22,9,9,38,23,14,10,22,20,23,16,14,12,31,9,11,17,22,14,33,7,16,11,8,11,13,26,11,17,27,4,2,3,8
0,0,0,0,0,0,0,0,0,0,0,0,0,0,0,0,0,0,0,0,0,0,0,0,0,0,0,0,0,0,0,0,0,0,0,0,0,0,0,0,0,0,0,0,0,0,0,0,0,0,0,0,0,0,0,0,0,0,1,0,0,0,0,0,0,0,0,1,0,0,0,0,0,0,0,0,0,0,0,0,0,0,0,0,0,0,0,1,0,0,1,0,0,0,0,0,0,0,0,0,0,0,0,1,0,0,0,0,0,3,0,0,0,2,0,2,2,1,0,0,0,0,0,0,0,0,0,0,1,0,0,0,1,1,1,0,0,0,0,0
0,0,0,0,0,1,0,1,1,1,3,0,0,0,0,2,0,0,1,0,0,2,0,0,0,0,0,0,0,0,0,1,0,1,0,3,1,0,0,0,0,2,1,0,1,0,0,0,0,0,0,0,0,0,0,0,0,0,0,2,0,0,0,0,0,0,0,0,0,0,0,0,1,0,1,2,0,0,3,0,1,2,0,0,0,0,0,1,2,0,1,0,0,2,1,0,0,1,1,0,0,2,0,0,2,1,0,1,0,10,3,1,1,1,2,0,3,2,1,2,3,1,2,2,1,4,1,4,1,0,1,2,2,2,1,2,0,1,1,0
0,0,0,0,0,0,0,0,0,0,2,1,0,0,1,5,3,2,7,2,0,6,5,5,0,5,2,1,1,7,2,5,5,3,1,10,15,13,12,4,5,1,17,2,18,0,7,6,11,5,14,9,11,7,14,5,7,5,9,4,0,14,1,6,6,0,18,10,14,8,16,24,13,16,17,35,25,12,20,29,33,18,25,15,22,25,28,24,29,15,21,26,26,30,30,30,42,34,63,55,28,46,41,56,77,49,60,33,47,214,71,47,37,50,47,77,67,87,53,92,98,70,96,62,70,95,29,36,92,75,46,135,90,81,81,81,61,32,68,85
0,0,0,0,0,0,0,0,0,0,1,0,1,3,0,2,0,4,0,4,5,0,4,0,0,4,0,0,0,3,0,0,2,2,1,3,3,4,2,1,0,2,1,1,1,0,2,1,4,0,1,2,1,0,1,0,0,0,1,1,0,3,2,0,6,0,2,2,3,2,2,0,1,0,1,2,0,0,1,0,1,1,0,0,2,0,1,5,2,1,0,3,0,2,5,7,1,0,2,4,2,3,4,0,1,3,2,1,3,4,2,0,2,0,7,7,2,3,4,9,2,2,4,9,1,2,1,5,3,2,2,2,5,6,3,3,1,1,2,1
0,0,0,0,0,0,0,0,0,0,0,0,0,0,0,0,0,0,0,0,0,0,0,0,0,0,4,0,3,3,2,0,2,1,0,2,1,1,3,1,2,0,0,2,1,0,0,0,1,0,1,0,0,0,0,0,0,0,0,0,0,2,0,0,0,0,2,1,3,4,0,1,1,0,1,2,0,0,0,0,0,0,0,0,1,0,0,0,1,0,0,0,0,1,1,0,0,1,2,2,0,1,1,2,0,2,2,0,2,10,0,5,1,1,2,2,3,2,2,2,2,3,3,1,4,1,1,1,0,2,1,2,2,1,0,0,4,0,0,1
0,0,0,0,0,0,0,0,0,0,0,0,0,0,0,0,0,0,0,0,0,0,0,0,0,4,0,0,0,1,0,2,0,0,0,2,0,0,0,0,0,0,0,0,0,0,0,0,0,0,1,0,0,1,0,0,0,0,1,0,0,0,0,0,0,0,0,1,0,0,0,0,3,0,1,0,0,0,0,1,1,0,0,0,0,0,0,0,0,0,1,0,1,0,0,0,1,0,2,1,0,1,0,0,2,1,0,0,1,3,0,1,0,2,3,0,0,3,1,3,0,0,4,0,2,0,0,0,2,0,0,1,1,3,0,0,0,0,0,3
0,0,0,0,0,0,0,0,2,2,1,1,1,0,2,3,3,4,2,5,1,5,1,1,0,1,2,1,3,2,2,0,0,1,0,2,1,0,0,1,0,0,1,4,2,0,2,0,1,1,5,4,3,1,0,0,0,0,1,0,0,1,1,2,1,0,0,2,3,0,0,4,1,1,1,1,2,0,0,0,0,0,2,1,0,0,1,4,2,0,2,1,0,3,4,0,4,2,1,1,1,0,2,3,5,3,2,1,2,12,2,4,6,1,4,3,3,2,6,7,1,1,1,5,4,1,2,1,2,1,1,4,2,0,4,5,0,2,0,0
0,0,0,0,0,0,0,0,0,0,0,0,0,0,0,0,0,0,4,1,1,1,0,0,0,1,0,0,0,0,0,0,0,0,0,0,1,1,1,0,0,0,0,0,0,0,0,1,0,0,0,0,0,0,0,0,0,0,0,0,0,0,0,0,0,0,1,1,0,3,0,1,0,1,0,0,0,0,0,0,0,1,0,0,0,0,0,1,0,0,0,0,0,0,0,1,0,0,0,1,2,2,0,0,0,0,2,1,0,5,0,2,0,4,1,0,2,3,1,2,1,4,3,1,0,0,0,0,0,0,0,1,1,1,0,0,1,0,0,0
0,0,0,0,0,1,2,1,2,2,11,3,1,5,5,5,11,4,6,2,2,3,1,5,0,8,2,1,1,0,0,0,0,1,0,6,3,0,1,0,3,1,3,1,3,0,1,1,2,1,2,2,1,1,1,2,0,0,0,0,0,3,0,3,2,0,3,1,2,1,3,0,0,0,1,1,1,2,0,2,1,1,1,2,0,1,0,3,7,3,3,0,0,1,0,1,2,1,3,6,3,1,1,6,7,10,4,6,2,26,13,8,8,9,4,8,4,9,10,8,7,6,6,4,4,6,6,1,3,0,4,3,5,6,4,5,5,2,6,9
0,0,0,0,1,1,0,1,1,1,3,0,3,2,7,0,0,1,4,9,4,5,3,7,0,9,8,3,0,9,2,3,2,7,3,12,15,17,6,8,3,3,6,9,18,0,22,7,8,7,34,4,11,9,16,4,9,10,9,14,0,25,8,6,18,0,29,12,17,7,13,15,18,16,14,20,17,27,27,7,15,11,10,17,4,0,8,9,10,12,7,8,10,13,3,13,9,8,10,24,10,18,13,10,20,17,13,12,14,53,34,36,8,18,11,13,24,19,21,23,18,15,29,26,17,20,21,17,35,5,20,13,51,25,22,21,9,19,16,12
0,0,0,0,0,0,0,0,0,0,0,0,0,0,0,0,0,0,0,0,0,0,0,0,0,0,0,0,0,0,0,0,0,0,0,0,0,0,0,0,0,0,0,0,0,0,1,0,0,0,0,0,0,0,0,0,0,0,0,0,0,0,0,0,0,0,0,0,0,0,0,0,0,0,0,0,0,0,0,0,0,0,0,0,0,0,0,0,0,0,0,0,0,0,0,0,0,0,0,0,0,0,0,0,0,0,0,0,0,1,0,0,0,0,0,1,0,0,0,0,0,0,0,0,0,0,1,0,0,0,0,0,0,0,0,0,0,0,0,0
0,0,0,0,0,0,0,0,0,0,0,0,0,0,0,0,0,4,0,2,1,0,0,0,0,1,1,1,0,0,0,0,1,0,0,1,0,0,0,0,0,0,0,0,0,0,0,0,0,0,0,0,0,0,0,0,0,0,0,0,0,0,0,0,0,0,1,0,0,0,0,0,0,0,0,0,0,0,0,0,0,0,0,0,0,0,0,1,2,0,0,0,1,0,0,0,0,0,1,2,0,0,1,1,0,0,1,1,0,1,1,0,2,1,1,0,0,0,0,0,0,0,0,0,0,0,0,0,0,0,1,0,0,0,0,0,0,0,0,0
0,0,0,0,0,0,0,0,0,0,0,0,0,1,0,0,1,0,2,1,2,1,1,0,0,2,3,0,0,1,0,0,0,0,0,1,2,2,2,1,4,0,1,1,2,0,5,1,2,0,3,1,3,3,2,0,3,1,3,3,0,4,1,1,0,0,3,2,2,0,6,6,2,2,9,9,5,7,4,4,9,0,4,1,0,4,1,3,5,6,1,1,3,8,0,4,2,4,8,9,3,7,5,10,11,6,12,6,8,34,23,4,5,7,12,12,16,13,5,21,13,12,4,9,15,8,2,3,13,10,10,20,20,15,11,9,1,5,17,9
0,0,0,0,0,0,0,0,0,0,0,0,0,2,0,0,2,1,1,1,0,0,2,0,0,3,2,1,1,2,0,0,4,1,2,5,1,0,3,5,0,4,0,2,2,0,7,2,1,0,3,0,4,2,2,0,1,2,5,2,0,2,1,0,8,0,14,6,6,2,2,1,3,2,4,4,4,3,3,6,7,3,5,6,1,1,2,5,6,3,3,3,2,7,3,1,3,5,5,5,4,7,5,6,9,3,5,8,5,27,13,11,2,8,3,8,5,14,5,5,1,9,6,11,5,6,0,3,10,6,1,14,5,6,6,11,2,4,3,5
0,0,0,0,0,0,0,0,0,0,0,0,1,1,0,1,1,1,0,1,2,4,1,1,0,2,1,0,0,0,0,0,0,2,0,3,0,1,1,0,0,0,2,0,1,0,1,0,0,1,0,0,1,0,2,0,2,2,1,0,0,1,0,0,0,0,1,1,2,1,1,3,1,3,3,5,0,2,1,6,1,1,3,3,0,2,0,1,3,5,0,3,1,3,2,2,7,5,7,4,1,5,0,1,5,8,7,6,11,28,5,7,3,10,6,13,4,20,2,9,8,7,5,5,8,12,5,2,5,3,3,8,2,4,6,5,2,4,6,6
0,0,0,0,0,0,0,0,1,1,0,0,0,0,0,0,4,0,1,2,1,3,0,4,0,2,2,2,0,4,1,0,2,4,1,5,9,10,3,3,3,1,9,0,6,0,13,1,3,2,17,2,2,2,4,3,0,5,3,4,0,13,3,1,4,0,8,3,1,2,1,3,4,1,3,1,1,1,1,6,2,3,6,3,10,5,1,4,3,3,2,3,1,4,0,4,3,3,2,2,1,7,6,10,3,8,2,1,7,21,11,9,2,3,9,10,6,19,13,17,7,17,17,13,12,10,7,5,21,9,18,2,26,6,5,11,1,11,5,13
0,0,0,0,0,0,0,0,0,0,2,2,1,0,0,0,0,1,0,0,3,1,2,0,0,1,0,0,1,0,0,1,0,1,0,3,4,2,1,0,1,1,1,0,1,0,0,0,0,2,5,3,2,2,4,1,5,3,20,3,0,1,0,1,4,0,2,3,20,12,4,7,2,0,2,1,0,1,1,4,4,4,5,4,4,0,4,9,1,2,1,0,3,4,0,1,2,6,2,4,1,8,5,4,6,7,6,3,9,14,10,10,3,6,8,4,7,5,2,7,4,4,6,7,7,5,0,0,7,8,7,12,2,9,5,2,3,5,1,9
0,0,0,0,0,0,0,0,0,0,0,0,0,0,0,0,0,0,0,4,0,0,0,0,0,0,1,0,0,2,0,0,0,0,0,0,1,0,1,0,1,0,0,0,0,0,0,0,1,0,0,0,0,0,2,0,1,3,0,0,0,1,0,0,0,0,2,0,1,0,0,0,0,0,0,1,0,0,0,0,0,1,0,1,0,0,0,0,0,0,0,0,0,0,0,0,1,0,1,0,0,1,0,2,1,0,0,1,1,1,0,0,0,1,0,1,0,1,1,0,6,1,1,0,1,0,0,0,1,0,4,2,3,0,0,0,0,2,0,2
0,0,0,0,0,0,0,0,0,0,0,0,0,0,0,0,0,0,0,0,0,0,0,0,0,0,0,0,0,0,0,0,0,0,0,0,0,0,0,0,0,0,0,0,0,0,0,0,0,0,0,0,0,0,0,0,0,0,0,0,0,0,0,0,0,0,0,0,0,0,0,0,0,0,0,0,0,0,0,0,0,0,0,0,0,0,0,0,1,0,0,0,0,0,0,0,0,0,0,1,0,0,1,0,0,0,0,0,0,0,1,0,0,0,1,0,0,0,0,1,0,0,0,0,1,0,0,0,0,0,0,0,1,0,0,1,0,0,0,0
0,0,0,0,0,0,0,1,0,2,1,3,1,1,1,3,0,5,6,0,1,5,0,5,0,3,4,2,5,0,5,3,12,5,1,6,8,14,18,3,18,14,10,18,86,0,256,51,20,11,4,12,5,4,35,32,33,19,11,8,0,14,13,0,2,0,6,3,16,3,14,11,29,10,8,4,5,6,8,6,6,1,10,12,6,7,15,13,7,5,10,7,5,14,9,9,6,4,9,18,8,9,3,11,18,10,15,9,8,44,25,19,7,10,11,15,17,12,9,21,10,8,8,16,19,9,9,4,10,12,10,16,8,8,7,16,9,1,14,9
0,0,0,1,1,0,0,3,0,3,6,8,8,6,3,7,2,15,13,11,13,4,6,10,0,8,5,8,7,7,9,12,10,8,5,20,23,29,10,14,7,2,20,6,25,0,21,9,15,3,31,14,12,1,16,5,12,11,22,20,0,27,3,4,11,0,29,9,16,11,18,13,11,15,18,20,15,3,13,16,6,15,7,6,11,1,3,14,15,7,3,5,13,10,13,8,12,9,9,28,9,26,19,28,33,44,37,15,29,109,41,33,26,28,29,46,39,35,54,44,23,18,27,20,31,39,25,25,20,27,26,39,61,21,30,30,19,27,25,21
0,0,0,0,0,0,0,0,0,0,0,0,0,0,0,0,0,0,0,0,0,0,0,0,0,4,1,0,0,2,1,0,2,0,2,1,1,0,1,0,0,1,0,0,1,0,8,1,0,0,2,2,0,0,0,0,0,4,0,0,0,1,3,0,3,0,7,0,0,2,0,2,1,2,9,5,1,2,0,1,4,3,2,2,1,3,3,1,4,2,2,1,1,0,2,3,2,1,5,5,2,1,3,5,7,11,13,5,3,35,16,9,1,12,7,6,6,10,9,13,5,7,6,5,0,4,4,4,5,3,0,5,5,2,8,8,1,8,4,7
0,0,2,0,2,1,2,5,4,2,3,7,10,3,6,2,4,3,6,3,3,6,3,4,0,7,2,2,0,4,2,2,7,4,4,9,11,4,5,3,2,1,4,2,1,0,7,4,3,14,5,8,5,3,0,0,3,3,10,2,0,16,1,0,2,0,1,1,4,0,5,2,3,2,6,5,6,3,3,4,5,7,0,5,1,6,1,4,5,8,7,0,4,0,5,4,4,3,4,6,4,12,3,8,5,3,6,7,5,26,12,7,5,13,10,10,6,13,14,8,2,2,4,3,6,11,3,4,9,7,7,4,11,9,9,6,4,5,6,3
0,0,0,0,0,0,0,0,0,0,0,0,0,0,0,0,0,4,0,0,0,0,2,0,0,0,0,0,0,0,0,0,0,0,0,1,2,1,0,0,0,0,0,0,0,0,0,0,0,0,0,0,0,0,0,0,0,0,0,0,0,1,0,0,0,0,0,0,0,0,0,0,0,1,0,1,1,0,0,0,0,0,0,0,0,0,0,0,0,0,1,0,1,0,0,2,1,0,0,0,0,0,0,2,1,1,0,0,1,0,1,1,1,0,2,0,0,0,0,0,1,0,1,0,1,0,1,0,1,0,0,2,1,2,0,1,0,2,0,2
0,0,2,1,1,1,0,1,2,2,5,4,4,2,5,1,4,6,3,6,4,1,4,3,0,8,4,3,1,1,4,0,0,3,1,4,4,5,7,5,2,0,0,3,5,0,5,2,2,5,12,3,6,4,12,2,3,3,5,6,0,3,2,2,3,0,3,6,1,2,0,5,1,2,3,3,3,6,3,1,3,5,3,8,5,5,1,4,1,2,4,0,3,4,11,5,11,8,1,4,1,4,7,13,13,14,9,9,7,34,18,11,4,5,13,11,9,8,9,19,8,7,18,11,12,12,9,3,11,6,10,10,28,16,13,6,8,5,7,10
0,0,0,0,0,0,0,0,0,0,0,0,0,0,0,0,0,0,0,0,0,0,0,0,0,0,0,0,0,0,0,0,0,0,0,0,0,4,0,0,0,0,0,0,0,0,0,0,0,0,0,0,0,0,1,0,0,1,1,0,0,0,0,0,0,0,1,0,0,0,0,1,0,0,0,1,1,0,0,0,0,0,1,1,0,0,0,1,0,0,4,1,1,1,1,0,1,3,1,0,0,0,0,0,0,0,2,0,1,7,1,1,0,2,1,0,1,0,0,1,0,0,0,0,0,0,0,2,1,1,0,0,2,0,4,1,0,1,0,1
0,0,0,0,0,0,0,0,0,0,0,0,0,0,0,0,0,0,0,0,0,0,0,0,0,0,0,0,0,4,0,0,0,0,0,0,0,1,0,0,0,1,0,0,0,0,0,1,0,0,0,1,0,0,0,0,0,4,2,0,0,2,0,1,0,0,0,1,1,1,0,4,0,0,1,5,0,3,3,1,0,0,2,0,0,1,3,1,1,1,4,1,3,1,2,1,1,1,0,8,4,6,4,3,5,3,4,4,1,16,2,1,0,1,4,3,4,3,2,4,6,3,5,0,3,0,1,0,4,1,3,3,7,2,2,2,2,4,0,2
0,0,0,0,0,2,0,1,1,1,5,1,2,2,2,2,5,0,13,8,9,3,3,3,0,7,3,2,2,3,3,2,2,2,0,3,5,0,7,0,0,1,2,0,4,0,6,1,3,0,7,0,2,2,5,1,0,7,5,2,0,2,0,1,4,0,1,0,5,0,3,8,1,1,5,7,2,0,3,2,1,8,5,5,1,1,1,4,0,0,1,0,0,9,3,5,3,3,9,4,2,4,2,5,6,11,13,3,4,12,17,6,5,2,3,7,11,9,4,11,8,5,2,9,2,5,2,3,9,2,5,2,9,4,6,8,1,4,7,10
0,0,0,0,0,0,0,0,0,0,0,0,0,0,0,0,0,0,0,0,0,0,0,0,0,0,0,0,0,0,0,0,0,0,0,4,1,1,3,2,1,1,8,0,0,0,5,2,0,1,4,2,2,0,2,0,3,2,2,1,0,4,2,0,4,0,7,0,6,2,1,2,1,2,3,4,0,5,4,0,9,1,5,12,4,3,11,9,14,9,4,3,5,3,4,5,9,5,13,15,2,10,4,6,4,3,10,6,4,32,15,10,1,7,13,12,8,13,6,14,12,10,6,15,9,8,2,6,18,7,8,9,14,9,10,8,3,8,10,7
0,0,0,0,0,0,0,0,0,1,2,0,7,1,2,5,6,5,5,7,10,6,11,7,0,12,5,3,2,6,4,8,7,10,3,18,18,16,7,7,7,4,6,7,7,0,21,7,4,4,14,7,10,4,2,4,4,7,12,9,0,18,5,5,16,0,36,18,9,12,10,46,9,13,57,47,17,14,13,22,25,44,31,26,15,34,60,35,47,24,10,24,21,48,17,27,67,49,67,39,25,32,34,42,59,57,55,33,42,156,80,41,23,45,51,77,58,103,44,114,43,50,56,58,43,60,29,32,63,27,30,50,62,42,32,60,35,41,15,57
0,0,0,0,0,0,0,0,0,0,1,1,1,0,0,1,6,1,3,2,5,1,3,1,0,9,3,0,2,3,3,0,2,5,0,10,7,10,5,9,0,1,7,6,4,0,9,9,1,0,11,4,7,1,9,5,5,9,6,4,0,19,8,4,16,0,21,18,7,17,14,19,13,21,12,13,9,8,14,7,11,16,16,32,10,14,18,16,16,5,13,9,10,26,14,15,21,17,21,16,12,13,18,11,12,23,20,21,5,59,33,24,15,20,24,27,24,28,14,41,20,18,18,28,19,23,13,9,30,17,21,17,25,27,20,25,11,19,18,15
0,0,0,0,1,0,1,0,0,0,1,0,0,2,0,1,1,0,0,2,1,0,1,0,0,1,3,0,2,0,0,3,1,5,2,2,4,4,13,5,3,1,1,7,6,0,8,9,2,0,0,4,3,0,0,1,0,5,2,2,0,1,0,1,5,0,3,0,0,0,1,2,0,1,0,2,2,2,0,1,4,0,0,2,0,0,1,3,0,0,0,0,0,1,0,2,2,0,3,3,0,3,2,1,1,1,2,4,4,7,1,1,2,2,4,2,3,4,0,6,1,0,2,1,2,3,0,1,2,0,0,1,2,6,1,1,3,0,1,1
0,0,0,0,0,0,0,0,0,0,0,0,0,0,0,0,0,0,0,0,0,1,0,0,0,1,0,0,0,0,0,0,0,0,0,0,0,0,0,0,0,0,0,1,1,0,1,0,1,0,1,0,2,0,6,0,0,1,2,0,0,0,0,1,2,0,0,1,0,0,1,2,0,0,4,2,1,2,1,0,2,0,5,0,0,3,1,2,0,1,0,3,3,3,1,1,3,1,8,0,0,0,0,2,2,1,3,3,2,7,4,1,0,2,0,2,1,1,1,0,3,3,2,1,2,1,0,2,1,1,1,2,2,0,0,3,1,0,0,3
0,0,0,0,0,0,0,1,0,1,1,0,2,0,0,2,1,1,2,2,2,2,1,4,0,3,4,0,0,1,1,1,2,2,2,2,7,6,1,3,1,3,0,3,0,0,4,1,2,3,2,2,2,2,2,1,0,4,3,2,0,7,2,3,9,0,17,1,1,4,1,5,1,4,3,10,3,1,9,2,4,8,2,11,5,4,4,8,6,10,8,6,11,19,12,10,12,9,16,15,9,13,16,14,19,24,27,20,20,91,37,23,20,30,29,29,33,34,25,45,24,23,17,15,18,20,12,13,21,18,2,18,28,11,23,22,9,16,14,19
0,0,0,0,0,0,0,1,0,0,1,0,0,0,0,0,0,4,1,1,0,1,0,2,0,1,0,0,0,0,0,0,1,1,0,1,1,1,0,0,0,0,0,0,0,0,0,1,1,0,1,0,1,1,0,2,0,1,3,0,0,1,0,0,0,0,1,0,1,2,1,0,0,1,0,0,0,0,1,0,0,1,0,1,0,1,0,0,1,1,0,1,1,0,2,1,3,2,0,1,1,1,2,1,2,2,2,5,2,8,0,1,0,0,2,1,2,0,5,1,2,1,0,1,2,3,2,1,0,3,1,4,3,0,4,4,1,0,1,0
0,0,0,0,0,1,0,3,0,0,4,0,0,4,1,3,1,0,0,0,2,0,1,0,0,0,0,0,0,1,0,0,0,2,0,1,1,1,1,2,2,1,1,2,1,0,3,6,0,6,4,0,1,0,0,0,2,4,2,1,0,0,1,0,2,0,2,0,2,0,2,1,1,0,1,2,1,1,0,2,2,0,0,1,1,1,0,0,0,0,1,0,0,1,1,1,2,0,2,1,0,1,2,4,1,3,3,1,2,13,7,4,2,2,1,3,2,1,1,7,0,5,2,1,1,2,3,4,3,2,1,1,2,2,3,1,0,1,2,2
0,0,0,0,0,0,0,1,0,0,0,1,2,1,0,2,1,1,1,2,5,4,1,3,0,2,1,3,2,5,7,2,0,5,2,6,9,7,6,6,2,0,11,5,8,0,20,3,5,3,19,13,3,3,5,0,4,5,9,8,0,13,6,2,5,0,5,4,8,4,9,4,11,7,8,5,13,5,8,5,0,4,2,15,4,2,5,10,5,5,2,8,3,8,5,8,13,6,8,10,5,6,9,7,12,22,14,11,16,37,22,18,8,12,12,18,18,21,5,26,10,20,13,22,7,6,7,8,24,10,19,4,49,13,23,24,11,24,22,12
0,0,0,0,0,0,0,0,0,0,0,0,0,0,0,0,0,0,0,0,0,0,0,0,0,0,0,0,0,0,0,0,0,0,0,0,0,0,0,0,3,0,0,0,0,0,2,0,0,0,1,0,0,0,0,0,0,0,1,0,0,0,2,0,0,0,1,1,1,0,1,1,0,1,2,0,2,0,1,0,0,1,0,0,1,1,1,0,0,1,1,0,0,0,0,0,2,0,2,7,2,1,1,7,1,3,1,0,0,5,3,1,1,1,3,1,1,2,3,3,1,2,1,0,1,0,1,1,1,1,0,7,1,0,0,2,2,1,1,2
0,0,0,0,0,0,0,0,0,0,0,0,0,0,0,4,3,1,1,0,3,1,4,3,0,9,0,2,1,0,4,0,1,2,1,3,3,6,3,4,3,0,5,5,7,0,20,1,0,1,5,1,1,0,1,2,0,0,2,2,0,3,1,1,0,0,5,1,1,9,2,3,3,2,2,2,8,2,2,1,0,1,2,2,1,0,0,5,0,1,5,0,5,12,1,1,3,1,3,1,1,1,3,3,2,1,10,1,1,12,5,2,1,4,7,4,3,8,3,6,0,2,3,7,3,2,1,7,5,1,2,1,9,5,0,4,5,0,5,2
0,0,0,0,0,0,0,0,0,0,1,2,4,7,3,7,5,5,7,10,9,9,11,5,0,5,6,8,2,7,7,7,10,7,2,24,24,25,20,11,7,8,31,2,23,0,15,10,18,16,52,13,9,11,9,5,18,18,25,19,0,25,4,13,17,0,28,15,14,35,16,3,19,23,25,12,13,13,29,14,5,0,6,10,13,5,15,37,16,19,13,23,7,17,11,15,16,9,18,13,14,23,24,24,29,35,15,11,24,83,41,18,26,11,24,45,38,41,28,57,21,38,33,29,24,31,32,16,53,22,19,20,97,18,45,40,21,20,29,32
0,0,0,0,1,1,1,0,1,0,5,3,2,4,1,2,3,0,1,3,4,0,1,0,0,6,0,0,0,1,2,3,2,0,0,5,5,4,1,3,0,0,2,0,3,0,3,0,0,1,3,2,2,2,2,1,2,2,2,3,0,5,1,3,5,0,6,14,7,2,3,5,7,3,2,5,4,4,4,2,6,48,26,2,2,5,3,5,5,0,2,0,6,3,5,5,5,1,2,5,2,4,4,2,10,4,6,1,3,13,9,5,8,2,8,2,6,10,9,4,6,7,5,4,2,5,1,4,6,1,3,1,9,5,3,4,3,0,5,2
0,0,0,0,0,0,0,0,0,2,3,0,0,1,0,0,0,0,2,2,4,2,0,0,0,0,1,0,0,1,4,3,4,0,0,0,5,2,7,6,1,1,1,1,0,0,3,0,2,4,1,1,5,2,2,3,14,4,9,4,0,6,0,0,2,0,10,21,2,0,2,1,3,7,1,3,3,2,2,1,6,1,1,3,0,2,2,6,1,2,1,2,0,4,2,1,0,6,3,1,1,12,8,4,2,2,4,4,8,17,8,5,1,6,7,9,8,1,8,5,3,11,8,5,3,7,2,1,7,3,2,7,3,2,2,4,5,3,6,2
0,0,0,0,0,0,0,0,0,0,0,0,0,0,0,0,0,0,4,1,0,0,0,0,0,1,0,0,0,0,0,0,0,0,0,1,1,0,0,0,0,0,0,0,0,0,1,0,0,0,1,0,2,0,0,0,0,1,1,1,0,0,0,0,0,0,0,0,0,0,2,0,1,0,0,1,0,0,0,0,0,0,0,1,0,0,1,1,0,0,0,0,0,0,0,1,0,0,1,1,0,0,1,0,3,1,1,2,0,3,2,0,2,1,2,1,1,1,4,0,4,2,4,4,2,0,2,2,1,1,0,3,1,0,1,3,0,0,3,0
0,0,1,0,0,0,1,1,1,4,5,7,11,2,9,10,10,6,7,9,1,6,9,10,0,14,15,3,2,8,6,4,18,8,5,10,13,3,6,4,3,3,6,3,8,0,17,7,2,4,15,8,2,3,4,0,0,9,3,2,0,8,1,1,2,0,4,0,6,3,3,1,1,5,5,13,7,4,6,7,5,0,1,2,2,3,5,4,9,9,5,4,4,9,5,8,8,5,7,15,7,7,4,10,13,9,18,12,5,50,20,11,13,17,16,13,11,20,22,18,21,15,12,7,20,23,11,9,17,2,11,14,18,22,16,13,5,8,6,8
0,0,0,0,0,0,0,0,0,0,1,0,0,1,1,1,0,0,2,1,2,2,0,1,0,2,0,0,0,6,0,0,2,1,0,6,5,7,6,2,1,2,6,4,3,0,6,0,1,0,8,1,4,2,1,0,1,3,1,2,0,0,2,2,0,0,5,2,1,4,0,1,3,5,1,2,0,0,4,2,1,0,2,2,0,0,0,2,0,1,3,0,2,3,4,3,2,3,3,4,2,4,2,1,7,2,2,2,1,9,4,2,1,2,3,4,1,1,2,5,2,4,3,3,8,2,2,2,4,0,5,4,10,1,3,0,3,2,1,4
0,0,0,0,0,0,0,0,0,3,2,0,1,0,1,6,2,1,1,0,1,1,3,2,0,2,1,1,0,1,1,0,0,7,1,3,4,3,13,5,1,1,3,5,7,0,4,4,0,0,7,3,3,2,0,3,3,4,4,4,0,8,2,3,2,0,7,1,3,5,7,6,8,8,12,6,8,6,4,0,3,11,1,13,3,2,7,3,3,9,1,1,3,13,2,4,5,6,7,3,4,1,11,9,5,4,3,9,3,22,20,7,4,0,7,7,5,17,3,9,12,5,7,5,9,14,1,2,8,0,6,9,12,8,7,4,4,6,6,12
0,0,0,0,0,0,0,0,0,0,0,0,0,0,0,0,0,0,0,0,0,0,0,0,0,0,0,0,0,0,0,0,0,0,0,0,0,0,0,0,3,3,27,2,0,0,4,1,23,29,0,14,13,0,1,0,0,1,7,0,0,1,1,0,1,0,0,1,1,2,1,1,0,0,2,0,1,1,2,1,0,0,1,0,1,55,0,0,0,0,0,0,0,0,0,0,0,0,0,1,1,0,0,2,2,0,0,0,0,4,1,0,0,0,0,0,0,0,0,2,1,1,0,0,0,2,0,0,0,2,0,1,0,2,0,0,0,0,1,1
0,0,0,0,0,0,0,0,0,0,0,0,0,0,0,0,0,0,0,4,1,1,0,0,0,1,0,0,2,0,0,2,0,2,1,1,6,1,0,2,1,0,0,1,1,0,1,0,1,0,0,1,4,0,0,0,0,2,2,2,0,5,2,3,2,0,11,0,2,4,7,5,3,2,6,1,0,0,2,4,4,4,4,6,2,2,5,4,8,11,2,8,4,14,2,1,2,6,6,7,7,6,10,4,6,3,8,4,6,37,15,8,6,6,7,22,12,15,8,17,8,8,10,12,19,18,3,5,10,6,6,9,5,7,3,5,4,3,5,9
0,0,0,0,2,3,0,1,2,2,1,0,1,1,0,3,1,3,1,5,4,4,3,1,0,2,1,0,0,2,2,2,1,3,2,4,9,4,6,5,2,0,3,2,8,0,3,1,0,0,0,1,1,4,1,1,1,1,2,2,0,2,1,1,1,0,0,1,4,5,1,2,1,3,0,3,3,3,2,4,3,3,2,5,1,3,1,0,5,4,2,0,5,3,1,3,4,4,4,5,0,4,5,3,4,2,4,4,4,12,7,7,3,5,7,6,5,5,8,6,5,7,3,4,5,2,3,6,8,4,14,4,14,5,4,12,0,5,9,11
0,0,0,0,0,0,0,0,0,0,0,0,1,4,1,2,2,0,4,2,1,0,1,1,0,1,1,1,1,2,2,3,1,1,1,6,8,6,1,2,6,9,0,2,15,0,13,11,1,2,4,6,4,10,4,0,14,1,2,1,0,4,1,0,3,0,7,0,2,4,1,2,6,4,0,5,5,0,2,1,1,1,3,0,1,5,4,10,2,3,3,0,0,0,1,7,7,4,7,3,2,4,2,1,2,7,4,1,1,6,3,6,1,3,3,2,2,4,5,5,7,2,3,3,1,6,3,6,4,3,1,2,10,0,0,0,2,3,2,2
0,0,0,0,0,1,0,2,0,0,0,0,2,1,3,3,4,5,4,7,3,2,15,8,0,12,4,3,6,6,4,8,9,4,7,18,30,19,15,16,9,6,15,5,20,0,30,13,12,13,46,10,10,18,6,7,10,20,17,16,0,24,14,9,18,0,23,14,15,7,12,10,13,10,16,27,24,16,14,15,27,8,9,13,21,16,10,14,15,14,14,9,10,28,17,14,21,11,22,29,6,25,20,7,20,20,10,14,13,63,34,18,17,10,31,27,23,33,11,23,19,22,16,32,10,30,22,9,52,13,24,19,77,28,21,26,18,29,31,24
0,0,0,0,0,0,0,0,0,0,2,0,0,0,0,0,4,2,0,3,2,1,1,1,0,1,0,0,0,3,2,0,3,0,0,3,2,8,4,4,3,0,3,1,3,0,6,0,1,1,7,2,3,0,2,2,0,1,12,2,0,9,3,4,4,0,3,4,1,2,3,1,7,7,5,14,7,4,4,6,2,4,3,6,2,2,9,9,3,3,4,5,3,12,9,11,9,6,9,9,3,4,6,6,7,9,9,8,3,14,16,7,6,9,9,5,6,12,1,10,7,3,5,11,9,5,4,5,7,4,3,4,10,1,5,9,6,3,10,7
0,0,0,0,0,0,0,0,0,0,0,0,0,0,0,0,0,4,0,0,1,1,5,0,0,2,1,1,0,1,1,0,3,0,0,4,0,4,3,2,0,2,0,1,1,0,6,6,1,0,8,1,1,0,0,1,0,1,2,1,0,0,3,0,1,0,4,2,3,0,0,4,0,1,0,1,0,1,0,1,2,1,3,0,0,3,3,3,2,0,3,3,8,5,3,5,1,2,1,6,1,1,3,0,3,7,6,2,1,8,6,2,4,1,3,1,0,3,4,7,4,2,2,3,4,1,2,6,3,1,1,4,9,3,2,2,2,3,3,3
0,0,0,0,0,0,0,0,2,0,2,0,1,2,0,1,1,0,1,3,3,0,2,2,0,3,2,1,3,0,4,2,1,0,1,10,18,7,8,6,3,4,8,3,7,0,10,3,5,3,20,5,9,2,6,1,4,5,8,4,0,26,9,4,5,0,19,3,10,6,2,9,11,12,11,20,10,10,13,9,11,7,13,22,7,14,14,12,15,21,6,13,10,21,7,14,21,20,21,21,7,18,18,18,9,28,20,16,9,59,38,14,6,11,17,16,20,29,17,26,17,30,11,29,19,28,8,12,32,10,20,10,49,10,15,30,4,13,9,25
0,0,0,0,0,0,0,0,0,0,0,0,0,0,0,0,0,0,0,0,0,0,0,0,0,0,0,0,0,0,0,0,0,0,0,0,0,0,0,0,0,0,0,0,0,0,0,0,0,0,0,0,0,0,0,0,0,0,0,0,0,0,0,0,0,0,0,0,0,0,1,0,0,0,1,0,0,0,1,0,0,0,17,0,0,0,0,0,0,0,0,1,0,0,0,0,0,0,1,0,2,1,0,0,2,3,0,0,0,0,0,0,0,0,1,0,0,0,0,1,1,0,1,1,2,0,0,0,0,0,0,0,1,0,0,1,0,0,0,0
0,0,0,0,1,0,0,0,0,0,0,0,1,1,0,0,1,0,2,1,1,1,0,1,0,2,1,0,0,0,0,1,1,0,0,1,3,0,1,1,1,0,0,1,0,0,0,0,0,0,1,1,0,0,2,0,0,3,0,0,0,2,0,1,1,0,1,0,0,1,2,5,1,1,0,2,1,2,1,1,1,0,0,2,1,0,1,1,4,1,2,0,0,2,1,4,1,0,3,3,2,6,1,0,6,2,3,4,3,20,3,2,1,4,2,5,1,5,3,5,3,2,2,3,6,3,4,3,2,5,3,1,4,1,4,4,2,1,2,3
0,0,0,0,0,0,0,0,0,0,0,0,0,0,0,0,0,0,0,0,6,1,4,1,0,5,0,2,0,2,0,2,1,2,0,7,2,0,1,0,2,1,0,1,2,0,3,1,1,1,2,1,0,4,1,0,0,3,1,3,0,5,0,2,8,0,10,5,1,2,1,14,1,3,10,9,2,1,1,4,4,0,3,4,2,6,5,9,3,3,4,1,9,2,2,5,10,10,8,6,8,2,5,4,11,7,6,6,6,22,14,2,9,14,7,14,11,8,7,23,8,5,8,9,5,12,3,4,6,2,4,12,10,7,5,3,2,3,3,6
0,0,0,0,0,0,0,0,0,0,0,0,0,1,0,5,0,4,1,2,1,1,3,1,0,4,3,0,2,0,1,0,6,3,1,10,6,6,4,2,8,1,6,2,7,0,6,7,5,5,6,11,2,1,5,3,0,9,0,4,0,11,3,6,7,0,19,13,7,4,15,17,10,13,16,14,8,7,10,9,7,8,16,14,5,9,9,17,14,19,5,4,17,16,3,8,17,20,25,18,11,21,15,13,19,22,21,6,20,55,28,17,11,17,28,17,14,36,13,41,26,20,24,20,24,14,9,6,28,15,17,32,36,27,22,22,9,6,24,12
0,0,0,0,0,1,0,0,2,1,2,0,1,0,2,3,2,1,1,4,1,4,1,4,0,4,7,1,2,6,1,2,5,0,2,9,6,3,4,4,8,7,2,2,6,0,11,1,3,0,14,0,2,0,5,1,1,3,4,1,0,6,1,3,1,0,6,3,2,3,5,9,6,5,8,8,13,4,1,4,4,3,20,8,5,3,0,4,8,8,0,7,5,9,6,6,4,2,18,3,0,5,6,5,11,11,9,5,7,18,15,10,4,7,7,12,5,18,7,12,5,5,7,10,6,13,4,8,9,4,4,7,19,9,11,9,3,7,8,10
0,0,0,0,0,0,0,0,0,0,0,0,1,1,1,1,2,0,4,3,2,0,1,2,0,5,1,0,0,1,1,0,0,0,1,3,4,9,0,2,2,1,1,2,4,0,3,2,0,0,0,3,4,2,1,0,1,3,0,1,0,2,2,1,3,0,2,0,5,1,0,2,2,0,1,0,1,2,1,1,3,2,3,0,1,4,1,1,2,4,0,0,0,0,6,0,1,1,4,4,2,5,2,0,7,4,2,3,4,10,2,6,4,2,4,3,2,5,4,4,2,2,6,7,3,3,3,4,4,5,1,3,3,8,4,7,1,3,10,0
0,0,0,0,0,0,0,0,0,1,2,1,0,1,1,0,0,0,1,1,3,3,1,1,0,9,9,4,1,6,2,2,6,2,1,3,10,9,8,9,6,0,10,5,4,0,10,6,2,2,4,4,7,6,4,4,3,6,9,3,0,9,3,3,13,0,31,10,8,12,5,16,9,8,24,16,3,8,12,10,29,11,11,11,6,8,11,10,23,17,8,11,13,17,10,16,31,29,29,35,15,36,22,33,47,38,54,26,27,154,62,39,21,26,50,63,41,54,40,60,22,45,33,21,37,39,18,26,26,36,30,34,49,26,28,25,17,13,10,21
0,0,0,0,0,1,0,0,0,0,0,1,0,1,1,3,0,1,1,3,3,0,1,2,0,0,2,0,0,0,1,2,0,3,0,1,5,3,5,2,0,1,2,0,2,0,5,1,2,3,3,3,4,5,1,1,0,3,1,4,0,23,2,4,4,0,9,2,0,0,0,1,1,3,2,8,3,1,3,1,0,1,2,1,5,1,7,5,1,0,3,4,2,1,1,1,7,4,1,5,2,6,0,2,2,6,3,6,7,9,5,2,3,6,5,1,6,7,1,6,8,5,5,12,5,6,2,5,13,3,3,0,14,7,2,5,1,6,4,3
0,3,3,1,3,3,1,4,8,0,4,7,8,2,1,3,8,4,5,8,2,3,10,2,0,3,1,0,0,0,3,2,0,2,1,4,6,5,4,1,0,1,2,1,1,0,2,2,0,0,2,0,1,2,2,0,1,1,2,1,0,3,2,2,2,0,5,1,1,3,2,1,4,2,0,4,2,1,2,0,0,0,0,1,0,4,0,5,0,1,1,2,2,7,0,3,3,2,7,5,2,2,6,2,4,9,9,7,5,16,8,4,3,7,7,13,7,10,3,10,4,5,7,9,5,5,1,3,4,2,3,4,4,4,3,4,2,0,2,5
0,0,0,1,1,0,0,1,0,0,1,4,4,5,1,1,2,2,1,2,2,2,1,3,0,0,0,0,0,0,3,0,1,1,1,3,3,3,0,1,1,0,0,2,2,0,3,1,2,0,0,0,0,0,3,0,0,0,0,1,0,0,2,0,0,0,3,0,1,2,2,0,0,5,1,2,0,1,1,1,0,5,1,0,0,2,2,1,1,2,2,0,2,5,4,6,8,2,6,23,4,5,5,2,6,8,6,7,8,19,11,4,9,5,2,7,7,10,14,10,7,2,3,4,5,7,3,3,6,1,3,5,8,4,6,4,8,1,3,2
0,0,0,0,0,0,0,0,0,0,0,0,0,0,0,0,0,0,0,0,0,0,0,0,0,5,0,0,0,0,0,0,0,0,0,0,1,0,1,1,1,3,0,2,0,0,2,1,0,1,0,0,1,4,2,1,0,0,2,0,0,2,1,0,1,0,1,1,0,1,1,6,0,0,2,2,0,0,0,1,1,1,0,2,1,2,0,1,5,1,1,2,0,0,0,1,3,1,16,10,4,5,5,7,5,3,5,5,8,27,6,2,3,4,9,7,4,11,3,8,6,0,4,5,7,2,2,2,4,3,2,1,7,2,0,2,4,1,1,3
0,1,0,1,0,0,0,0,0,2,2,1,4,5,0,0,1,0,4,1,1,1,0,3,0,3,1,0,0,6,1,1,2,1,1,2,7,1,2,1,1,0,1,2,5,0,0,0,4,1,1,2,2,0,2,0,1,1,1,1,0,0,2,0,1,0,1,2,0,3,0,1,0,0,1,1,1,0,4,3,1,2,2,0,3,1,2,2,3,5,0,0,3,2,0,0,4,5,2,5,4,1,4,4,2,4,5,3,2,24,12,3,2,9,1,4,5,4,3,4,1,5,5,0,4,4,0,3,4,1,2,3,6,7,2,6,1,0,5,1
0,0,0,0,0,0,0,0,0,0,0,0,1,3,2,3,3,7,3,4,4,3,3,3,0,8,7,1,8,12,8,6,7,7,10,13,23,14,14,20,6,8,13,5,6,0,20,8,17,13,21,11,8,4,15,7,22,24,33,17,0,33,10,6,24,0,39,12,19,17,21,42,14,10,11,40,10,6,13,11,36,12,19,47,9,13,14,32,14,17,11,9,33,54,10,16,20,17,30,32,11,35,8,11,18,24,26,18,16,37,20,13,9,12,13,21,18,27,7,25,17,13,18,34,27,33,11,19,21,5,8,27,35,21,22,17,11,14,15,20
0,0,0,0,0,0,0,0,0,0,0,0,0,0,0,0,0,0,0,0,0,0,0,4,0,1,0,0,0,0,0,0,0,0,0,0,0,0,0,0,0,0,0,0,0,0,0,0,0,0,0,0,0,0,0,0,0,0,0,0,0,0,0,0,0,0,0,0,0,0,0,0,0,0,0,0,0,0,0,0,0,0,0,0,0,0,0,1,0,0,0,0,0,0,0,0,0,0,0,0,0,1,0,0,0,0,0,0,2,0,0,0,0,1,2,1,0,0,0,0,0,3,0,0,2,1,1,0,0,0,1,0,0,0,0,0,0,0,0,0
0,0,0,0,3,0,0,1,0,3,2,5,1,5,4,2,0,0,2,0,0,0,2,1,0,3,1,0,1,0,2,1,1,0,0,3,1,0,1,0,0,0,2,0,2,0,2,3,0,0,1,1,1,1,0,0,2,0,0,1,0,2,0,0,1,0,0,0,2,2,1,1,0,1,0,4,0,0,0,3,2,1,1,2,0,3,2,1,0,4,2,0,3,0,2,3,4,1,2,3,2,2,3,5,6,3,4,1,1,11,4,2,2,8,3,7,2,1,5,12,2,1,5,0,6,7,2,2,6,0,2,1,8,5,3,8,2,3,1,9
0,0,0,0,0,0,0,0,1,0,0,1,2,2,0,4,3,1,0,5,2,2,5,2,0,12,6,1,1,0,5,3,5,2,0,5,9,4,1,4,6,4,6,3,4,0,6,5,1,6,11,8,13,1,3,2,7,13,9,4,0,9,4,0,14,0,31,5,4,3,2,19,3,5,12,10,5,3,6,4,15,18,4,4,4,10,7,13,10,15,7,15,5,9,9,12,10,13,16,29,2,12,19,26,24,33,39,17,24,101,42,33,22,39,27,35,33,40,18,41,25,36,23,36,20,44,18,16,40,14,12,14,24,17,32,14,6,8,10,14
0,0,0,0,0,0,0,0,0,0,0,0,0,0,1,0,3,1,2,2,2,2,1,4,0,1,1,0,0,2,3,0,0,0,0,2,6,4,0,2,2,1,0,1,6,0,4,4,5,2,2,2,3,4,8,0,3,6,5,5,0,12,3,5,3,0,9,7,12,3,20,10,8,7,8,9,11,11,13,15,6,15,9,7,7,5,11,15,5,12,4,8,7,14,8,2,14,13,17,25,7,15,15,14,22,10,16,15,9,61,25,8,11,18,20,17,20,21,2,31,9,17,24,12,23,18,6,11,19,8,9,29,22,17,14,18,5,10,8,6
0,0,0,0,0,0,0,2,1,0,1,0,2,3,0,2,1,0,3,3,0,1,1,1,0,6,4,1,0,1,6,2,1,6,0,6,5,1,5,1,6,0,5,7,3,0,9,1,5,2,11,2,4,0,3,2,4,2,2,4,0,10,6,1,5,0,13,8,3,10,14,16,0,6,7,24,17,10,7,5,7,5,9,13,6,1,12,11,11,15,8,2,7,7,4,16,19,7,15,16,10,7,11,7,22,20,29,6,17,56,23,22,5,20,25,35,10,27,24,21,20,21,19,23,23,21,5,11,29,12,14,13,22,29,22,23,4,9,13,11
0,0,0,0,0,0,0,0,1,1,0,0,5,1,0,1,1,4,3,7,4,6,2,2,0,4,1,0,5,6,0,3,4,5,0,6,11,11,9,10,4,1,10,6,13,0,15,2,10,3,11,6,4,0,6,0,5,3,6,1,0,10,8,2,0,0,13,3,10,1,4,5,6,1,3,9,6,8,9,7,2,1,2,0,7,8,7,4,5,6,2,1,2,2,7,8,7,6,9,12,4,6,8,6,12,17,10,10,10,31,18,3,3,13,13,13,12,20,8,29,10,19,13,29,6,11,4,4,25,11,12,3,27,15,7,22,9,11,12,9
0,0,1,0,1,1,0,2,1,3,3,0,4,1,3,3,4,4,3,7,4,6,1,1,0,7,5,1,1,0,8,1,2,2,2,6,3,3,0,3,3,0,1,0,3,0,4,1,7,1,8,1,1,0,1,1,1,1,2,0,0,8,3,1,0,0,2,0,1,0,2,3,1,2,1,4,4,3,2,3,0,4,2,1,5,5,3,3,3,0,6,0,2,2,6,6,10,4,5,9,3,9,8,6,9,15,6,2,12,28,24,1,5,5,7,14,9,13,11,24,11,19,15,18,8,14,11,6,23,5,7,3,22,6,2,9,5,3,3,17
