0,0,0,0,0,0,0,0,0,0,0,0,0,0,0,0,0,1,1,1,1,1,1,1,1,5,5,5,1,1,1,1,5,5,5,6,8,8,8,8,8,8,8,8,8,8,8,8,8,8,8,8,8,8,8,8,8,8,8,9,9,10,10,10,10,10,10,10,11,11,11,11,11,11,11,11,11,11,11,11,11,11,13,13,13,15,16,16,16,16,19
0,0,0,0,0,0,0,0,0,0,0,1,1,1,1,5,8,8,12,11,13,13,13,15,15,15,15,15,15,16,16,16,16,16,16,16,17,19,20,22,22,24,24,26,26,26,27,29,29,29,31,31,32,32,32,32,33,33,33,33,33,35,37,37,37,37,40,41,42,43,44,48,50,51,51,53,55,55,56,56,56,56,58,59,59,60,60,65,68,69,71
0,0,0,0,0,0,0,1,3,3,5,6,9,9,9,11,10,14,16,17,18,18,19,19,19,20,20,20,20,21,21,22,22,24,24,26,29,29,29,29,29,30,30,30,31,31,31,31,31,31,31,31,31,31,31,31,31,32,32,33,33,33,33,33,33,33,33,33,33,33,35,35,35,35,35,35,35,35,35,35,35,35,35,35,35,36,36,36,37,38,38
0,0,0,0,0,0,0,0,0,0,0,0,0,0,0,0,0,0,0,0,1,1,1,1,1,1,1,1,1,1,1,1,1,1,1,1,1,1,1,1,1,1,1,1,1,1,1,1,1,1,1,1,2,2,2,2,3,3,3,3,3,4,4,4,4,4,6,6,6,6,6,7,7,8,8,9,9,9,9,9,9,10,10,10,10,10,10,9,9,9,9
2,1,1,2,3,3,3,4,5,6,8,8,10,10,11,13,13,15,17,19,21,22,24,26,26,32,33,33,34,35,37,38,40,42,44,47,51,62,65,68,68,68,75,82,81,81,85,86,87,87,99,102,106,110,113,116,120,130,135,139,139,148,149,149,153,153,163,170,172,173,173,182,186,191,195,204,215,220,226,226,228,231,238,248,249,252,256,266,276,282,286
0,1,0,0,2,3,3,5,5,5,6,9,10,10,10,12,14,16,16,18,25,26,28,31,31,34,37,37,37,38,39,39,41,43,44,46,51,54,54,57,59,61,62,66,66,66,69,70,71,71,76,80,86,86,93,99,101,105,114,115,115,124,124,124,126,126,129,132,135,138,139,143,143,144,146,153,155,157,157,157,164,165,166,169,170,173,174,178,178,180,181
1,1,2,2,2,2,2,3,4,4,6,6,8,9,9,10,12,12,13,13,14,16,17,17,17,19,20,22,22,23,25,26,27,28,28,30,32,34,34,34,34,36,36,37,38,38,39,43,43,44,46,48,50,51,52,53,54,59,62,63,63,65,65,65,66,66,69,70,72,72,75,80,80,80,82,83,87,88,91,94,94,95,97,99,100,102,102,104,105,106,106
0,0,0,0,0,0,0,0,0,1,2,2,4,5,5,7,7,7,10,13,15,17,20,20,20,23,24,24,26,29,34,35,40,42,42,51,56,66,70,74,76,76,86,91,105,105,111,116,120,121,142,144,147,147,151,151,161,172,177,182,182,193,200,204,208,208,217,224,241,248,251,258,263,271,279,288,291,293,296,296,295,296,297,305,308,309,311,324,328,334,339
0,0,0,0,0,0,0,0,0,0,0,1,1,1,1,1,1,1,1,1,1,1,1,1,1,1,5,5,5,5,5,7,10,10,10,10,11,12,12,12,13,13,13,13,14,14,14,14,14,14,15,15,15,15,15,15,15,15,17,19,19,20,20,21,21,21,22,25,26,26,28,30,30,31,33,35,36,38,41,42,42,41,43,44,45,48,49,50,55,58,59
0,0,0,0,0,0,1,1,1,1,3,0,0,0,0,0,0,0,0,0,0,0,0,0,0,0,0,0,0,0,0,0,0,0,0,0,0,0,0,0,0,0,0,0,0,0,0,0,0,0,0,0,0,0,0,0,0,0,0,0,0,0,0,0,0,0,0,0,0,0,0,0,0,0,0,0,0,0,0,0,0,0,0,0,0,0,0,0,0,0,0
0,0,0,0,0,0,0,0,0,0,0,0,1,1,1,1,1,1,1,1,6,7,8,9,9,8,8,8,9,9,9,9,10,11,11,16,17,19,19,20,21,21,22,23,25,25,30,34,34,34,34,34,34,34,34,34,34,38,38,39,39,39,41,41,41,41,43,46,47,47,48,48,51,51,51,51,52,52,52,52,52,52,52,52,52,52,52,54,55,56,56
0,0,0,0,0,0,0,0,0,0,0,0,0,0,0,0,0,0,0,0,0,0,0,0,0,1,1,1,1,1,1,1,5,5,5,5,6,7,8,9,12,13,13,13,13,13,13,13,13,13,13,13,14,14,14,14,14,14,14,14,14,14,15,15,15,15,19,20,20,20,20,23,23,24,25,29,30,32,32,33,32,33,36,36,37,40,41,40,41,42,42
0,0,0,0,0,0,0,0,0,0,1,1,1,2,3,5,7,8,8,8,13,13,14,14,14,18,19,20,20,21,22,22,22,22,22,23,31,37,40,45,48,49,55,61,68,68,71,72,77,79,83,89,96,96,101,101,103,106,111,114,114,117,118,119,121,121,128,131,134,139,142,153,159,162,167,176,183,183,189,198,209,212,216,221,226,231,233,247,256,270,273
0,0,0,0,0,0,0,0,0,0,0,0,0,0,0,2,3,5,7,9,10,11,11,12,12,18,22,25,28,31,34,35,37,40,41,44,52,57,62,67,70,72,73,77,83,83,89,94,100,107,116,124,126,128,144,149,152,158,168,178,178,191,192,195,207,207,224,235,248,261,271,286,294,303,325,338,347,357,367,376,382,393,405,407,412,419,427,445,464,484,494
0,0,0,0,0,0,0,0,0,0,0,6,8,9,9,11,12,12,13,15,18,18,20,20,20,21,21,21,21,21,21,21,22,22,23,25,26,27,27,28,28,28,28,29,28,28,29,29,29,30,30,30,31,31,31,31,31,31,32,32,32,32,32,32,32,32,33,33,33,34,34,34,35,35,36,36,36,36,36,38,38,38,38,38,38,38,39,39,39,39,39
0,0,0,0,0,0,0,0,0,0,2,4,5,6,11,12,12,14,14,16,20,22,24,28,28,35,37,37,41,56,64,71,75,78,80,93,104,109,112,117,116,116,117,119,121,121,132,135,137,137,137,142,144,146,151,153,154,163,177,177,177,183,185,187,198,198,232,241,245,257,259,285,294,300,319,337,342,348,350,359,381,400,408,412,414,426,437,457,468,479,486
0,0,0,0,0,0,0,0,0,3,3,1,1,1,2,4,5,5,8,10,12,11,12,17,17,23,26,28,33,35,39,41,46,52,54,58,63,70,75,80,82,82,84,90,97,97,106,109,109,110,117,121,125,129,133,133,136,140,149,152,152,158,159,162,171,171,194,204,209,219,223,257,260,266,285,311,320,324,335,339,353,358,359,368,374,393,398,416,429,435,448
0,0,0,0,0,0,1,3,3,7,8,10,12,14,17,20,23,24,26,30,32,37,39,42,42,48,50,50,50,52,55,57,61,62,66,74,78,87,99,102,104,106,111,114,122,122,137,139,139,142,155,158,162,171,179,180,182,188,216,223,223,236,247,255,260,260,300,303,309,318,331,357,361,368,382,402,413,421,427,435,439,446,457,471,478,492,503,517,527,546,554
0,0,0,0,0,0,0,0,0,0,0,14,17,18,19,20,22,23,23,24,25,25,26,26,26,26,26,26,26,26,26,26,26,27,28,31,31,31,31,31,31,32,32,32,32,32,32,32,32,33,34,34,33,33,34,34,35,35,35,35,35,36,36,36,36,36,36,37,37,37,37,37,37,37,37,37,37,37,37,37,37,37,37,37,37,37,37,41,41,41,41
1,1,4,4,5,7,8,12,12,13,15,21,21,24,28,35,39,45,53,60,65,65,70,71,71,71,73,74,74,76,78,78,78,80,80,94,99,100,102,103,103,104,105,105,106,106,108,110,112,113,114,116,115,116,118,119,119,120,120,123,123,124,125,125,125,125,126,128,128,128,130,134,135,137,138,139,138,139,139,140,141,144,146,147,149,150,152,155,158,165,169
0,0,0,2,2,5,6,7,7,8,10,8,10,11,11,13,15,15,16,16,17,17,18,19,19,19,20,20,20,21,22,22,23,23,23,28,29,30,30,30,30,30,30,30,30,30,31,33,33,33,33,33,33,33,33,33,34,34,34,34,34,34,34,34,34,34,33,33,34,34,36,37,37,37,37,37,37,37,37,37,37,37,37,39,39,39,40,42,42,43,43
0,0,0,0,0,0,0,0,0,0,0,0,0,0,0,0,0,0,0,0,0,0,0,0,0,0,0,0,0,1,1,1,1,1,1,1,1,1,1,1,1,1,1,1,1,1,1,1,1,1,1,1,1,1,2,2,2,2,2,2,2,2,2,2,2,2,3,3,3,3,3,3,3,3,3,3,3,3,4,4,4,4,4,4,4,4,4,4,4,4,4
0,1,2,13,16,18,23,27,31,34,42,30,31,33,34,36,39,42,44,46,49,49,49,52,52,53,53,53,54,55,57,58,58,58,58,59,61,62,62,62,63,63,63,64,65,65,65,65,65,65,66,66,67,68,68,69,69,70,70,71,71,74,74,74,74,74,74,74,75,75,75,75,75,78,78,81,81,81,82,82,83,85,85,85,86,86,86,88,88,90,90
0,0,0,1,1,1,2,2,2,3,6,7,17,19,21,27,39,41,50,61,70,77,79,83,83,96,100,102,103,108,112,117,121,134,134,141,151,170,188,203,208,219,222,226,234,234,241,252,256,260,270,283,288,291,299,303,304,314,318,329,329,342,345,350,356,356,363,368,370,371,380,390,393,394,395,399,402,404,405,405,408,408,409,418,419,424,426,431,436,441,443
0,0,0,1,1,1,2,3,4,4,5,7,10,10,11,13,13,13,16,16,20,20,20,20,20,23,23,23,25,26,26,26,26,26,25,29,29,31,31,33,34,34,34,35,35,35,38,38,43,44,46,46,47,47,47,47,47,48,48,49,49,50,51,51,51,51,52,52,53,53,58,58,59,59,61,64,69,81,84,85,86,87,90,92,92,94,95,96,98,98,99
0,0,0,0,0,0,1,2,2,2,3,2,3,3,4,7,10,16,20,29,32,39,46,53,53,63,72,76,79,85,93,92,99,103,108,123,145,167,187,192,197,200,216,223,246,246,285,287,316,318,348,355,362,365,370,372,378,384,396,406,406,420,425,428,431,431,441,443,449,452,459,472,483,486,489,501,507,510,527,537,543,548,552,562,566,576,583,592,601,609,616
0,0,0,0,0,0,0,0,0,0,0,7,9,13,15,16,17,17,24,24,26,28,27,28,28,28,29,30,30,30,33,37,41,45,48,52,54,56,56,58,59,62,64,65,65,65,64,69,70,70,70,69,68,67,67,68,69,69,71,71,71,71,71,71,71,71,72,72,72,74,76,76,76,77,78,79,79,81,82,83,84,89,89,91,91,93,93,93,93,93,93
0,0,0,1,1,1,1,1,2,2,2,3,4,4,3,3,3,4,4,5,5,6,6,6,6,8,8,9,9,9,9,9,9,10,10,11,12,16,16,17,18,18,18,18,20,20,21,21,21,22,22,22,25,163,170,172,172,209,229,253,253,267,276,276,280,280,287,292,301,303,316,321,322,340,442,572,642,693,755,821,930,1045,1131,1226,1239,1305,1498,1644,1701,1720,1719
0,0,0,5,4,4,4,4,6,7,9,6,8,8,9,13,17,17,19,21,23,23,23,23,23,24,27,27,27,27,27,26,26,26,27,28,29,30,30,30,30,30,30,30,30,30,30,30,30,30,30,30,30,30,31,31,32,32,33,32,32,33,33,34,31,31,32,31,32,32,32,32,32,33,34,34,34,34,35,35,36,36,36,38,38,39,40,40,40,40,41
0,0,0,0,0,1,2,2,2,2,2,1,1,4,5,6,8,10,11,15,20,23,27,29,29,30,32,32,33,33,34,34,35,37,38,40,42,44,45,47,47,48,48,49,50,50,52,55,56,57,60,60,63,64,67,69,69,74,78,82,82,83,86,88,91,91,98,100,104,107,108,114,116,118,120,124,125,129,129,130,132,135,136,138,138,141,144,149,151,153,153
0,0,0,0,0,0,0,0,0,0,1,3,4,8,10,14,18,20,19,21,24,27,28,30,30,35,36,36,37,37,38,38,42,44,44,48,54,58,60,66,68,70,72,75,86,86,96,101,104,106,110,111,115,116,117,118,122,131,136,141,141,151,153,156,158,158,160,165,169,172,173,180,181,184,188,193,200,201,204,205,207,210,212,213,215,219,220,221,226,230,231
0,0,0,0,0,0,0,0,0,0,0,1,1,1,5,6,8,9,10,10,10,11,11,11,11,11,11,11,11,12,12,12,12,12,12,13,15,15,16,16,16,16,16,16,17,17,18,18,18,18,18,18,18,18,18,18,18,18,18,19,19,19,19,19,19,19,19,20,20,20,20,20,20,21,21,22,22,22,22,22,22,22,22,22,22,22,22,22,22,22,22
0,0,0,0,0,0,0,0,0,0,0,0,0,0,0,1,1,1,1,1,1,1,1,1,1,1,1,1,1,1,1,1,1,1,1,1,1,1,5,7,8,9,9,9,9,9,9,9,9,9,9,9,10,10,10,10,10,10,12,13,13,14,14,14,15,15,15,16,17,16,18,20,21,21,21,23,24,25,25,26,26,26,26,26,26,29,29,29,29,29,29
0,0,0,0,0,0,0,0,0,0,0,1,1,1,1,2,3,3,4,3,5,6,6,8,8,10,10,12,12,13,13,13,14,15,15,16,19,21,21,22,22,22,22,22,24,24,24,24,24,24,27,27,27,28,29,29,29,30,30,30,30,30,31,32,32,32,33,33,34,35,35,36,38,38,40,42,45,45,49,54,56,58,58,59,59,60,66,67,68,70,72
0,0,0,0,0,0,0,0,0,0,0,0,0,0,1,1,1,0,0,0,0,0,0,0,0,1,1,1,1,1,1,5,5,5,6,7,9,10,10,10,10,10,10,11,11,11,13,13,13,13,12,14,14,15,17,19,19,21,22,22,22,22,22,23,29,29,41,42,43,46,46,57,58,58,71,75,76,80,79,81,84,85,86,91,91,95,99,112,119,121,124
0,0,0,0,0,0,0,1,1,2,5,7,9,11,13,16,19,24,26,31,34,36,38,44,44,54,61,64,65,70,72,79,83,85,91,115,126,140,156,167,173,175,183,190,197,197,211,216,218,224,242,254,260,266,275,280,287,295,313,321,321,352,358,365,387,387,419,428,443,461,479,502,512,528,554,590,610,634,652,676,701,725,748,775,796,816,838,863,894,919,935
0,0,0,1,1,1,1,1,3,3,4,3,3,6,8,7,9,11,11,14,18,22,24,28,28,35,38,43,46,51,54,55,57,57,58,63,66,71,77,80,82,84,86,86,90,90,95,95,101,101,101,101,104,105,107,108,108,112,115,117,117,122,127,128,131,131,136,137,141,142,144,154,154,156,162,168,178,181,183,189,196,203,206,213,218,218,224,231,237,244,248
0,0,0,0,0,0,0,0,0,0,0,1,1,1,1,1,8,9,10,12,15,16,18,19,19,20,21,21,21,23,24,25,26,27,27,30,40,49,54,54,55,60,60,63,67,67,74,78,80,80,83,91,93,96,98,98,98,99,109,112,112,115,116,118,127,127,147,153,158,165,168,200,201,202,219,252,255,261,265,267,275,286,291,296,299,303,311,318,334,343,344
2,2,2,3,4,4,4,5,7,6,8,6,7,9,14,15,17,19,20,23,26,27,29,29,29,31,31,31,32,34,34,36,36,37,38,40,44,45,49,53,56,58,58,58,60,60,66,67,67,68,85,88,90,93,94,116,118,118,121,121,121,127,128,128,129,129,134,135,135,136,137,137,138,144,147,150,159,161,161,161,161,162,162,164,164,163,164,166,168,172,175
0,0,0,0,0,0,0,0,0,0,0,0,0,0,1,1,1,1,1,1,1,5,5,5,5,5,5,5,5,5,5,5,5,6,6,6,6,6,6,6,6,7,7,7,7,7,7,8,8,8,10,10,10,10,10,10,10,11,11,11,11,12,12,12,12,12,12,12,12,12,12,13,14,15,16,16,16,16,16,16,16,16,16,16,16,16,16,18,18,18,18
0,0,0,0,0,2,2,2,3,5,9,9,10,12,14,16,17,20,22,25,27,27,29,29,29,31,32,32,33,36,36,36,36,38,38,40,43,43,44,44,45,46,46,46,47,47,50,51,52,53,56,58,58,58,58,58,58,58,59,61,61,62,62,63,63,63,65,66,67,68,69,69,72,74,77,79,80,81,82,84,84,84,84,88,88,88,88,89,93,96,96
0,0,0,0,0,0,0,0,0,0,0,0,0,0,0,0,0,0,0,0,0,1,1,1,1,1,1,1,1,1,1,1,1,1,1,1,1,1,1,1,2,2,2,2,3,3,3,3,3,3,3,4,4,4,4,4,4,4,5,5,5,5,5,5,5,5,5,5,5,5,6,6,6,6,6,6,6,6,6,6,6,6,6,6,6,6,6,6,6,6,6
2,2,2,2,2,2,2,2,2,2,2,2,2,3,3,3,6,7,8,11,12,13,14,14,14,18,19,20,20,22,22,21,22,22,23,24,25,28,31,32,33,33,34,34,34,34,34,34,35,36,37,38,39,41,42,44,44,44,45,46,46,47,49,49,50,50,54,55,55,56,56,57,58,60,63,64,64,68,70,72,75,76,78,79,80,81,83,84,87,87,88
0,0,0,0,0,0,0,0,1,5,10,12,18,19,25,31,37,43,47,52,68,71,79,84,84,94,100,101,102,106,111,114,118,124,126,137,147,155,170,179,182,187,193,195,211,211,224,233,235,236,244,253,264,271,279,289,294,306,331,347,347,398,405,437,449,449,483,498,519,531,548,578,590,605,679,727,736,745,766,788,808,829,853,868,877,900,923,949,993,1027,1035
0,0,0,0,1,1,1,2,3,6,7,8,9,10,11,14,15,15,17,18,19,21,20,23,23,24,26,27,27,27,27,27,28,31,31,34,36,41,49,49,49,51,57,57,63,63,68,71,73,74,78,80,82,84,85,87,88,90,95,95,95,96,97,97,104,104,115,118,122,125,127,132,135,137,147,152,151,153,158,158,161,163,167,172,172,175,176,188,191,197,199
0,0,0,0,0,0,0,1,1,1,2,1,1,1,1,1,1,1,1,1,1,1,1,1,1,8,10,10,13,15,15,17,20,26,30,32,37,45,45,46,47,47,48,52,62,62,67,72,76,77,79,81,81,84,85,85,85,91,94,95,95,95,95,95,96,96,100,103,105,107,108,111,113,116,118,125,126,129,129,130,132,135,136,138,138,138,139,140,144,145,148
0,1,1,1,1,1,1,2,2,2,3,4,8,8,8,10,11,13,14,18,21,22,25,29,29,34,34,35,36,44,46,48,52,53,52,58,63,68,71,74,76,80,80,82,84,84,91,93,95,97,100,105,106,108,117,120,122,129,139,140,140,141,142,141,142,142,150,151,159,163,165,169,170,172,177,181,181,184,184,185,190,193,193,200,203,205,205,213,218,219,222
0,0,0,0,0,0,1,1,1,1,2,3,5,6,10,13,12,12,14,16,16,18,18,23,23,37,42,45,48,52,54,54,58,64,69,72,80,91,98,100,105,111,113,118,122,122,128,132,133,136,143,145,156,162,163,164,164,172,175,177,177,187,189,190,191,191,197,205,208,208,212,214,218,221,225,227,227,228,230,233,236,237,238,244,244,245,246,253,254,255,255
0,0,0,0,0,0,0,0,0,0,0,0,0,0,0,1,1,1,1,1,1,1,1,1,1,1,1,1,1,1,1,5,6,6,6,7,6,6,6,6,7,7,7,7,7,7,8,8,8,8,8,8,9,9,9,9,9,9,9,10,10,10,10,10,10,10,11,13,13,13,14,15,16,16,16,16,16,16,16,17,18,18,19,22,22,22,22,23,23,23,23
0,0,0,1,1,1,2,2,3,3,4,6,8,9,11,14,16,23,28,40,44,51,56,64,64,75,86,91,95,102,108,116,121,127,132,166,202,227,271,297,307,308,328,342,357,357,390,398,404,408,428,433,439,454,474,476,480,491,517,530,530,552,558,564,598,598,659,680,712,731,754,834,843,865,968,1063,1079,1098,1117,1136,1191,1240,1287,1313,1338,1368,1413,1489,1566,1617,1657
0,0,0,0,0,0,0,0,0,0,0,0,0,0,0,0,0,0,0,0,0,0,0,0,0,0,0,0,0,0,0,0,0,0,0,0,0,0,0,0,0,0,0,0,0,0,0,0,0,0,0,0,0,0,0,0,0,0,1,1,1,1,3,3,3,3,3,3,3,3,3,3,3,3,4,4,4,4,4,4,4,4,4,4,4,4,4,4,4,4,4
0,0,0,1,1,1,1,2,2,4,7,1,1,1,5,5,6,6,8,8,9,9,9,9,9,10,10,9,9,9,9,10,10,11,11,13,13,14,16,17,17,17,17,17,17,17,18,19,20,20,23,26,26,27,27,27,29,33,34,34,34,40,40,40,41,41,41,41,41,41,42,43,43,44,45,48,49,49,50,50,50,50,52,54,54,55,56,63,63,64,64
0,0,0,0,0,0,0,0,0,0,0,0,0,0,1,4,6,7,10,12,18,21,22,23,23,26,28,28,28,30,34,38,47,50,52,61,72,96,107,114,120,122,129,133,148,148,160,166,175,177,197,202,209,216,227,230,240,248,273,289,289,319,323,326,341,341,371,383,402,411,426,456,465,492,516,536,556,568,580,599,650,663,688,710,734,756,776,812,846,903,932
0,0,0,0,1,2,1,1,2,2,2,1,1,1,1,1,1,1,5,6,7,7,8,8,8,10,11,11,11,11,12,12,12,14,14,20,21,24,25,25,27,27,27,27,27,27,27,27,28,28,29,30,30,30,30,30,30,30,30,30,30,31,32,32,32,32,32,32,32,32,32,31,32,34,34,34,35,35,36,36,37,37,37,37,37,37,37,38,38,38,39
0,0,0,0,0,0,0,0,0,0,0,0,1,3,3,3,4,9,12,16,18,20,22,24,24,35,35,35,37,40,44,46,46,51,51,56,60,70,74,75,78,78,87,88,92,92,96,98,100,101,109,111,112,115,120,122,124,124,124,127,127,131,135,137,138,138,144,145,147,146,147,154,156,160,166,169,175,179,186,188,194,201,207,217,222,224,230,240,251,266,270
0,0,0,0,0,0,0,0,0,0,0,0,0,0,0,0,0,0,0,0,0,0,0,0,0,0,0,0,0,0,0,0,0,0,0,0,0,0,0,0,0,0,1,1,1,1,1,1,1,1,1,1,1,1,1,1,1,1,3,3,3,3,3,3,3,3,3,3,3,3,3,3,3,3,3,3,3,3,3,3,3,3,3,3,3,3,3,3,4,4,4
0,0,0,0,0,0,0,0,0,0,0,1,1,1,1,1,1,1,1,1,1,1,1,6,6,8,8,8,8,9,10,9,10,10,10,12,14,16,16,18,18,18,18,19,21,21,24,24,24,24,26,26,26,26,27,27,29,32,34,35,35,37,38,38,40,40,42,43,45,45,45,50,54,55,56,57,61,63,63,63,63,62,65,66,66,67,68,72,74,74,74
3,5,6,6,8,10,10,10,12,13,21,23,26,27,29,30,32,33,35,39,39,41,41,44,44,49,49,51,52,53,56,56,59,60,60,63,73,73,73,76,76,75,78,80,81,81,84,85,87,88,93,93,96,97,101,101,101,102,106,108,108,111,112,115,114,114,115,116,116,116,117,120,120,124,125,129,130,130,133,136,139,143,143,144,146,150,151,151,155,156,157
0,0,0,0,0,0,0,1,1,1,2,2,4,4,4,7,8,13,17,22,28,32,35,36,36,43,46,47,49,52,56,58,63,66,69,73,83,86,96,103,105,109,118,124,130,130,137,138,140,142,147,151,154,157,161,163,167,175,188,191,191,198,201,203,206,206,212,214,218,221,228,238,239,240,248,257,267,275,279,283,286,286,292,306,310,314,323,331,333,337,342
0,0,0,0,0,0,0,1,1,4,7,0,0,0,0,0,0,0,0,0,0,0,0,0,0,0,0,0,0,0,0,0,0,0,0,0,0,0,0,0,0,0,0,0,0,0,0,0,0,0,0,0,0,0,0,0,0,0,0,0,0,0,0,0,0,0,0,0,0,0,0,0,0,0,0,0,0,0,0,0,0,0,0,0,0,0,0,0,0,0,0
0,0,0,0,0,0,0,0,0,0,0,3,6,6,7,12,14,18,20,22,28,29,33,36,36,42,45,45,47,51,52,52,52,56,56,63,74,86,89,98,101,104,109,122,132,132,140,140,145,149,165,172,174,177,187,191,191,200,220,225,225,250,257,263,271,271,281,289,304,315,324,346,355,371,390,413,427,434,449,460,473,488,501,521,532,545,554,574,593,610,615
1,1,1,1,1,1,1,1,1,1,4,5,6,6,7,12,14,17,20,23,30,30,37,42,42,53,63,74,74,80,82,86,93,96,102,107,121,126,128,130,134,135,140,142,157,157,158,160,165,165,171,177,177,177,185,185,185,191,197,202,202,206,207,207,209,209,220,226,231,234,246,249,253,257,256,266,275,279,289,291,298,304,312,313,316,320,330,337,339,347,351
0,0,0,0,0,0,0,0,0,0,2,4,7,7,8,11,16,18,22,28,30,33,39,44,44,52,54,56,57,63,66,67,67,72,72,80,87,92,92,94,96,99,100,102,104,104,108,111,112,113,121,121,125,131,137,138,139,140,144,146,146,152,152,153,160,160,169,169,168,170,173,178,179,181,181,187,186,187,189,191,192,195,196,197,199,201,205,209,211,218,221
2,3,4,4,4,5,6,9,10,12,23,29,36,46,62,76,86,93,103,118,129,142,154,166,166,218,233,248,255,269,278,288,310,326,332,339,369,389,419,462,469,481,488,502,530,530,588,610,612,634,651,669,687,697,717,724,738,768,785,802,802,833,852,853,856,856,876,886,897,914,924,943,952,960,965,974,980,985,990,995,1031,1040,1043,1059,1065,1071,1076,1093,1101,1117,1131
1,0,0,0,0,0,1,1,1,2,2,4,4,6,6,7,7,7,10,11,14,16,17,17,17,18,21,21,21,23,26,27,29,29,31,33,35,37,38,38,39,39,39,42,44,44,46,46,46,48,51,57,63,64,65,70,71,76,79,82,82,89,92,94,95,95,109,121,126,128,130,133,138,139,143,148,148,149,150,158,161,162,164,169,170,172,176,179,179,185,188
3,3,3,4,4,4,4,5,5,7,8,8,8,8,9,10,14,19,21,22,27,29,36,40,40,42,44,46,47,49,53,57,58,59,61,69,81,88,93,99,100,104,106,108,112,112,118,123,126,129,134,137,145,149,160,164,172,178,183,198,198,217,220,226,228,228,237,245,261,273,276,294,299,312,317,322,334,338,344,353,380,383,384,393,395,399,400,406,432,438,443
0,0,0,0,0,0,0,0,0,0,0,1,1,1,1,7,8,8,9,10,10,10,12,11,11,14,14,14,14,16,18,19,21,23,23,30,32,36,42,49,49,49,49,50,52,52,62,63,70,71,81,83,86,87,88,89,91,94,98,103,103,109,114,117,120,120,128,132,133,137,141,150,152,157,166,171,176,188,193,198,199,203,206,209,214,216,224,230,240,243,245
0,0,0,0,0,0,0,0,0,0,2,2,2,2,2,5,8,12,12,13,17,19,22,23,23,27,28,30,30,33,34,34,33,34,35,38,40,43,44,45,45,46,47,49,49,49,51,53,54,56,57,59,62,64,70,70,70,73,78,79,79,84,86,87,93,93,104,110,113,116,122,126,131,134,139,146,148,154,157,159,168,171,174,180,180,186,190,193,199,209,216
0,0,0,2,2,4,5,6,7,8,10,14,17,18,26,30,33,34,33,37,38,39,45,45,45,45,46,46,47,50,49,51,52,54,54,58,61,60,60,60,60,61,61,62,63,63,65,66,66,67,67,67,68,70,70,70,71,72,72,72,72,71,71,71,73,73,75,76,75,75,76,76,78,79,79,80,80,81,82,82,83,83,84,85,85,87,91,94,95,96,96
0,0,0,0,0,0,0,0,0,0,1,1,1,2,4,5,7,8,15,18,19,20,21,21,21,23,23,24,24,24,25,25,25,26,26,31,32,33,37,39,39,39,42,42,45,45,49,50,50,50,53,55,57,57,57,57,57,57,58,63,63,64,64,65,68,68,70,72,77,80,81,87,89,93,96,100,101,103,106,112,113,113,121,126,128,129,134,138,141,144,144
0,0,0,0,0,0,0,0,1,2,3,4,4,4,6,9,9,11,13,15,18,21,23,26,26,30,31,32,32,32,34,34,35,39,39,43,48,49,52,53,55,56,57,59,68,68,72,73,73,73,77,78,80,81,84,84,84,87,90,97,97,100,100,104,107,107,111,111,113,116,120,127,128,131,139,148,149,153,154,159,163,165,168,171,177,178,179,183,184,189,192
0,0,0,0,0,0,0,0,1,1,2,1,1,1,1,1,5,6,8,9,9,9,10,12,12,16,18,21,21,20,24,25,25,29,29,31,32,37,42,43,45,47,50,54,56,56,59,61,64,64,67,70,72,73,79,83,84,88,91,92,92,95,95,98,100,100,107,114,118,119,124,126,129,130,134,136,136,138,140,143,150,152,153,160,162,166,171,172,173,176,176
0,0,0,0,0,0,0,0,0,0,0,1,2,2,3,4,4,5,8,12,16,19,18,22,22,24,25,25,27,28,31,31,37,41,42,50,60,69,85,95,99,102,109,112,118,118,130,133,136,136,153,163,169,170,171,174,178,186,190,195,195,200,205,213,220,220,238,245,252,259,262,271,278,293,299,306,318,324,338,350,356,361,370,383,390,395,400,418,426,441,443
0,0,0,0,0,0,0,0,0,0,0,1,1,1,1,1,1,1,1,1,1,1,1,1,1,1,1,1,1,1,1,1,1,6,6,6,8,9,10,9,9,9,9,9,9,9,10,10,10,10,11,11,11,11,11,11,12,16,16,16,16,22,23,23,25,25,31,33,35,36,43,48,48,50,57,64,69,74,75,78,79,84,89,95,96,99,100,103,109,113,114
0,0,0,1,2,2,2,3,6,8,9,7,11,11,13,19,22,26,30,32,39,44,49,55,55,64,68,70,74,79,87,90,89,92,94,106,134,140,144,150,154,155,160,161,178,178,194,201,204,205,218,232,235,240,253,254,256,261,273,283,283,299,305,310,317,317,341,341,355,356,363,369,376,383,389,398,403,407,417,424,429,436,439,450,456,459,476,503,510,523,531
0,0,0,0,0,0,0,0,0,0,0,1,1,6,7,9,12,15,17,17,17,18,18,18,18,17,17,17,17,17,17,17,18,19,19,21,22,22,22,23,23,23,23,23,23,23,23,23,24,24,24,25,25,25,25,25,25,25,25,25,25,26,26,26,27,27,28,28,28,28,28,29,29,29,29,29,29,29,30,32,35,36,35,35,35,36,36,38,41,42,45
0,0,0,0,0,0,0,0,0,0,0,0,0,0,0,0,0,0,0,0,0,0,0,0,0,0,0,0,0,0,0,0,0,0,0,0,0,0,0,0,0,0,0,0,0,0,0,0,0,0,0,0,0,0,1,1,1,1,1,1,1,1,1,1,1,1,1,1,1,1,1,1,1,1,1,1,3,3,3,3,3,3,3,3,3,3,3,3,3,3,3
0,0,0,0,0,0,0,0,1,2,3,5,6,8,9,9,9,10,11,15,19,21,22,24,24,27,31,32,35,39,40,41,44,46,47,51,52,59,62,67,69,69,75,78,85,85,96,95,95,96,99,104,106,108,108,109,110,120,128,132,132,139,142,145,150,150,155,159,163,163,169,185,188,194,198,204,209,212,212,216,223,228,229,244,259,266,276,298,301,316,336
0,0,5,5,7,12,12,14,19,23,27,30,38,44,49,61,67,71,73,84,96,100,104,109,109,110,114,115,117,121,124,125,126,130,131,146,157,166,169,174,176,175,179,182,186,186,193,196,198,199,201,202,206,212,213,214,214,220,224,228,228,230,231,231,236,236,248,248,251,252,255,260,264,268,272,276,281,281,285,287,290,294,295,302,304,304,307,315,320,329,334
0,0,2,2,2,2,5,7,8,8,17,19,23,24,26,29,32,34,36,37,39,39,42,43,43,46,46,46,46,46,46,47,48,48,50,52,53,55,56,56,56,56,57,57,58,58,59,63,64,64,65,66,67,68,69,70,71,73,74,74,74,76,76,76,78,78,77,77,77,77,78,80,81,81,82,85,85,85,85,86,86,87,87,87,87,87,88,90,90,91,91
0,0,0,0,0,0,0,0,0,0,0,0,2,2,4,11,13,15,16,20,26,29,33,36,36,39,41,42,43,44,44,46,52,56,58,78,87,95,106,114,119,122,130,132,136,136,154,158,164,165,175,180,182,196,200,202,206,217,231,238,238,261,264,267,284,284,330,340,352,367,378,433,445,448,483,518,532,534,537,555,575,598,611,624,633,653,674,704,732,755,767
0,0,0,0,0,0,0,1,1,1,1,2,2,4,6,7,8,10,10,11,14,14,14,15,15,16,15,15,16,17,22,25,27,29,31,33,37,39,41,46,47,47,53,56,59,59,69,71,72,74,83,86,88,89,91,93,95,95,99,102,102,109,112,112,116,116,123,127,129,130,131,131,137,141,145,148,156,157,163,168,175,176,177,179,180,180,181,185,188,190,193
0,0,0,0,0,0,0,0,0,0,0,0,0,0,0,0,0,0,0,0,1,1,1,1,1,1,1,1,1,1,1,1,1,1,1,1,1,1,1,1,1,1,1,1,1,1,1,1,1,1,1,3,4,7,7,7,10,11,11,11,11,10,10,10,10,10,11,12,10,10,10,10,10,10,10,10,11,11,12,11,12,12,12,12,12,11,11,12,12,12,12
2,1,1,2,2,2,3,3,5,5,12,12,14,20,26,31,37,44,55,62,69,78,85,92,92,105,112,116,121,127,132,137,145,152,157,177,215,228,245,260,267,270,285,290,311,311,335,341,348,356,378,390,408,413,415,417,420,432,449,453,453,472,480,487,495,495,517,525,529,534,543,553,560,568,583,591,601,614,643,652,657,667,686,697,703,707,721,727,738,746,753
0,0,0,0,0,0,0,0,0,0,0,0,0,0,0,0,0,0,0,0,0,0,0,0,0,0,0,0,0,0,0,0,0,1,1,1,1,1,1,1,2,2,2,2,2,2,2,2,2,2,2,2,2,2,2,3,3,3,4,4,4,4,4,4,4,4,4,4,4,4,4,4,4,4,4,4,4,4,4,4,4,4,4,5,5,5,5,5,5,5,5
0,0,0,0,0,0,0,0,0,0,0,0,0,0,0,0,0,0,0,0,1,1,1,1,1,1,1,1,1,1,1,5,5,5,5,6,6,6,7,14,15,14,18,18,20,20,22,21,22,22,22,22,23,23,24,24,24,26,28,28,28,29,29,29,34,34,34,35,35,35,35,37,38,38,38,39,40,42,43,42,42,45,49,50,54,54,56,59,63,63,63
1,1,1,1,1,1,2,3,5,5,7,7,10,10,13,14,18,21,26,27,32,34,38,39,39,47,50,49,49,55,58,61,62,68,71,78,93,104,108,113,114,115,116,119,128,128,144,145,146,149,161,162,168,170,173,178,184,196,201,204,204,207,210,210,217,217,230,231,239,246,254,260,261,265,265,277,284,286,298,305,314,322,328,342,344,347,351,361,366,371,374
0,0,0,0,0,1,1,2,2,3,6,5,7,7,8,8,8,8,9,11,14,14,16,16,16,17,20,20,22,22,23,24,26,26,26,30,33,35,37,38,38,38,37,37,37,37,36,36,36,37,39,41,41,41,43,43,43,45,46,46,46,47,47,47,47,47,48,48,48,48,48,49,50,50,50,50,51,51,51,51,52,52,55,55,55,55,55,56,56,56,57
0,0,0,0,0,0,0,0,0,0,0,0,0,0,0,0,1,1,1,1,5,6,7,10,10,10,10,10,10,10,11,11,12,13,13,13,13,13,15,16,16,16,16,16,16,16,16,17,17,17,17,17,17,17,18,18,18,21,23,24,24,24,24,24,26,26,26,26,26,26,26,29,29,29,29,32,32,32,32,32,32,33,33,33,34,34,34,35,35,35,37
0,0,0,0,0,0,0,0,0,0,0,1,0,0,0,0,0,0,0,0,0,0,0,1,1,1,1,1,1,1,1,1,1,1,1,1,1,1,1,1,2,2,2,2,2,2,2,2,3,3,3,3,4,4,4,4,4,7,7,7,7,8,8,8,8,8,8,8,8,8,8,8,8,8,8,9,9,9,9,9,10,10,10,11,11,11,11,12,12,12,12
2,3,3,3,3,3,3,3,3,4,5,5,6,7,7,8,9,11,11,13,15,16,16,17,17,21,21,21,22,24,25,25,26,31,32,37,40,42,42,44,46,49,52,55,57,57,62,64,66,68,71,73,73,75,75,75,76,81,83,85,85,118,127,129,132,132,140,144,148,150,155,159,160,161,167,172,180,184,190,198,203,205,209,213,213,216,218,220,224,227,228
0,0,0,0,0,0,0,0,1,0,1,1,2,3,3,3,6,7,8,11,12,13,14,14,14,18,19,20,19,20,22,21,21,21,22,22,30,31,33,33,33,34,34,36,39,39,42,43,43,43,47,47,46,50,53,54,54,58,58,64,64,65,65,66,71,71,83,86,88,89,91,101,108,112,124,131,135,137,139,145,148,149,156,160,162,174,180,193,212,223,226
0,0,0,0,0,1,2,2,2,2,2,1,1,1,2,2,2,2,2,4,7,7,7,7,7,8,8,8,9,9,9,9,11,11,11,12,13,14,14,16,16,16,16,16,16,16,16,16,16,16,18,18,18,18,20,21,22,22,23,24,24,24,24,24,24,24,25,26,27,27,27,29,30,30,30,30,30,30,32,34,34,34,34,34,35,35,37,37,41,43,43
0,0,0,0,0,0,0,0,0,0,0,0,0,1,1,5,5,6,7,8,10,10,12,12,12,12,13,13,14,14,14,15,15,15,15,15,16,16,16,16,15,15,15,15,15,15,15,15,15,15,16,16,17,17,17,17,17,17,17,18,18,17,17,17,18,18,18,18,19,19,19,19,19,20,20,20,19,19,20,20,20,20,20,20,20,20,20,21,21,25,25
0,0,0,0,1,1,1,2,2,2,3,3,6,8,11,11,14,16,19,20,25,26,28,30,30,31,32,33,34,38,40,40,44,45,45,50,53,54,59,60,61,66,74,76,84,84,90,96,105,107,117,119,129,128,134,135,137,138,139,140,140,150,155,156,157,157,167,172,176,182,185,189,190,197,199,203,205,209,214,220,219,219,219,225,229,233,236,240,246,250,252
0,0,0,0,0,0,0,0,0,0,0,0,0,0,0,0,0,0,0,0,0,0,0,0,0,0,0,0,0,0,0,0,0,0,0,0,0,0,0,0,0,0,0,0,0,0,0,0,0,0,0,0,0,0,0,0,0,0,0,0,0,0,0,0,0,0,1,1,1,1,1,1,1,1,1,1,1,1,1,1,1,1,1,1,1,1,1,1,1,1,1
0,0,0,0,0,0,0,0,0,0,0,0,0,0,0,0,0,1,1,1,1,1,1,1,1,1,1,1,1,1,7,7,8,8,8,9,11,13,13,14,15,15,16,16,17,17,17,18,20,21,22,24,24,25,25,25,25,25,25,26,26,26,27,27,27,27,27,27,27,28,28,28,28,28,29,29,29,30,32,33,32,32,32,32,32,32,32,32,32,33,33
0,0,0,0,1,1,1,1,3,4,7,8,11,12,13,16,18,21,24,28,29,32,36,37,37,40,41,41,42,42,43,46,46,47,48,56,61,69,71,72,73,74,75,75,78,78,83,84,85,86,92,94,95,99,103,104,104,109,118,122,122,130,136,137,138,138,146,147,148,151,154,167,169,173,181,188,191,196,202,208,210,214,218,228,237,247,249,258,263,270,279
1,0,0,0,3,3,4,7,8,13,16,18,19,23,27,31,32,33,38,43,51,61,64,73,73,79,83,87,87,91,91,96,102,114,120,132,184,197,212,231,246,255,275,280,292,292,321,326,338,343,353,373,387,394,405,411,420,425,438,446,446,463,469,480,489,489,503,506,521,529,538,546,553,558,574,587,602,613,627,641,655,662,668,674,680,692,703,719,734,745,756
0,0,0,1,1,1,1,2,2,1,2,2,3,4,4,6,7,8,10,10,13,16,20,22,22,24,25,25,27,30,31,32,33,36,36,36,42,45,47,49,50,50,53,53,54,54,59,59,60,61,70,74,75,75,78,80,81,81,81,82,82,84,86,90,92,92,94,99,99,102,107,110,112,116,118,120,123,126,131,133,134,135,138,139,142,143,148,151,154,156,157
0,0,0,0,0,0,0,0,0,0,2,1,1,1,1,1,7,10,12,15,17,18,20,21,21,23,24,24,25,25,25,25,26,25,25,25,25,26,27,28,29,29,31,31,31,31,31,33,33,33,33,36,36,39,40,40,41,41,43,43,43,45,45,46,48,48,50,50,50,52,52,53,56,56,58,58,61,61,61,61,63,62,63,65,66,67,68,71,72,73,74
0,0,0,0,0,0,0,0,0,0,0,1,1,5,7,8,8,9,10,12,15,16,16,17,17,18,18,18,18,19,19,19,20,21,21,24,30,31,34,35,35,35,41,41,44,44,46,48,55,55,59,61,63,63,65,67,70,71,75,80,80,81,81,82,84,84,85,88,89,89,89,90,90,93,97,99,101,102,103,110,115,124,127,130,132,132,135,137,141,144,145
0,0,0,0,0,0,0,0,0,0,0,0,0,0,0,0,0,0,0,0,0,0,0,0,0,0,0,0,0,0,0,0,0,0,0,1,1,1,1,1,1,1,1,1,1,1,1,1,1,1,1,1,1,1,1,1,1,1,2,2,2,2,2,2,2,2,2,2,2,2,2,2,2,2,2,2,2,3,3,3,3,3,3,3,3,3,3,3,3,3,3
0,0,0,0,0,0,0,1,1,0,1,1,1,2,2,4,5,6,6,11,11,12,13,14,14,15,16,18,18,19,20,22,24,26,27,30,40,44,46,51,52,53,66,66,70,70,77,78,111,111,124,135,148,150,152,152,155,160,164,166,166,182,182,183,185,185,189,193,202,207,211,219,225,231,241,247,275,280,293,298,299,302,308,319,322,327,330,341,345,357,369
0,0,0,0,0,0,0,0,0,0,0,0,0,0,0,0,0,0,0,0,0,0,0,0,0,0,0,0,0,0,0,0,0,0,0,1,1,1,1,1,4,4,4,4,6,6,6,6,8,9,10,11,11,11,11,11,11,11,14,14,14,14,14,14,14,14,14,14,15,15,15,15,13,13,14,14,14,14,14,14,16,16,16,16,16,16,16,16,16,16,16
0,0,0,5,5,7,8,8,9,9,12,0,1,1,1,1,1,1,6,7,9,11,13,13,13,18,19,21,22,23,23,24,24,27,27,27,29,30,31,32,32,32,32,32,34,34,34,34,35,36,38,40,40,40,41,41,41,42,43,43,43,45,46,46,46,46,48,48,48,48,48,50,50,50,51,51,52,52,52,52,53,53,53,53,54,53,53,53,55,57,57
0,0,0,0,0,0,1,2,2,3,5,6,5,8,11,13,14,16,19,19,19,19,18,20,20,21,21,21,21,21,21,21,21,22,22,25,29,30,30,30,31,31,32,33,33,33,33,33,35,35,35,35,36,36,38,38,38,42,43,44,44,43,43,43,43,43,46,46,46,46,46,49,49,51,52,53,53,54,54,53,54,56,57,59,59,59,59,59,60,61,63
0,1,1,1,1,1,2,2,2,3,6,8,13,14,16,18,20,21,23,28,37,43,47,51,51,64,68,68,73,79,84,89,95,99,101,103,119,132,141,150,155,157,161,163,169,169,192,199,204,207,225,232,240,255,260,269,276,284,295,303,303,322,333,339,351,351,392,427,443,458,474,515,538,552,582,611,630,645,658,672,699,719,741,770,777,794,828,852,889,919,931
0,0,0,0,0,0,0,0,0,0,0,1,1,1,1,1,1,5,7,8,8,9,9,10,10,14,15,16,16,18,18,17,20,21,23,23,26,26,28,28,28,28,28,28,30,30,30,30,31,31,31,31,31,31,32,32,32,32,32,33,33,34,35,35,35,35,35,35,35,35,35,35,35,35,35,35,37,38,38,38,38,39,39,39,39,39,39,40,40,41,40
0,0,0,0,0,0,0,0,0,0,0,1,1,1,1,1,1,1,1,1,1,1,1,1,1,1,1,1,1,1,1,1,1,1,1,5,8,9,11,11,11,11,13,13,13,13,13,13,14,14,16,16,16,16,16,16,17,17,18,18,18,18,18,18,18,18,18,19,19,19,19,19,19,19,20,23,24,26,26,27,27,27,29,29,29,29,29,29,30,31,33
3,4,4,5,6,7,7,9,11,17,21,22,23,27,31,40,41,43,45,46,46,48,51,52,52,53,54,54,54,55,55,57,57,58,58,59,61,63,64,64,64,64,65,66,66,66,66,66,66,66,68,67,68,68,69,69,69,71,71,72,72,73,73,73,74,74,74,76,76,76,77,77,77,77,77,79,79,80,80,80,80,82,82,82,83,83,83,84,85,86,87
0,1,1,1,3,4,5,6,6,6,8,8,8,9,13,13,18,21,23,24,25,26,28,31,31,34,34,34,34,34,37,39,39,39,39,45,45,46,46,48,50,51,51,52,52,52,53,56,57,57,58,59,59,62,64,64,64,64,65,67,67,70,72,72,74,74,75,77,77,78,78,79,80,80,82,82,82,83,84,84,87,88,88,89,90,90,91,92,93,93,93
0,0,0,0,0,0,0,0,0,0,0,1,1,1,1,5,5,5,5,5,5,5,5,5,5,6,6,6,6,6,6,6,6,7,7,8,9,9,10,10,11,11,11,11,11,11,11,11,11,11,11,11,11,11,13,13,13,13,13,13,13,13,14,14,14,14,14,14,14,14,14,14,14,14,14,14,15,15,15,15,15,15,15,16,16,16,16,16,16,17,17
0,0,0,0,0,0,0,0,0,0,1,1,2,4,5,6,8,10,10,14,15,17,20,20,20,25,26,26,26,27,28,32,35,35,36,42,45,47,48,51,52,53,55,60,63,63,69,70,70,70,71,79,81,83,87,89,90,100,113,115,115,127,130,132,139,139,158,171,186,217,219,248,250,252,264,298,299,305,312,317,331,343,349,356,357,369,378,399,415,426,437
0,0,0,0,0,0,0,0,0,0,0,8,8,9,10,11,13,14,16,17,21,22,21,21,21,23,24,24,24,24,24,25,26,27,27,30,34,34,34,35,35,35,35,35,36,36,38,39,39,39,41,42,43,43,43,43,43,43,44,44,44,44,44,44,45,45,48,48,50,50,52,52,55,56,57,57,115,116,118,118,119,124,124,124,124,125,132,134,136,136,136
0,0,0,0,0,0,0,0,0,0,0,1,5,5,6,6,6,6,8,11,12,12,12,13,13,16,20,21,21,24,26,28,32,36,37,42,46,49,52,58,59,60,64,63,68,68,76,78,80,81,85,86,87,90,94,94,97,99,102,109,109,116,120,122,123,123,126,127,131,132,136,135,139,144,149,157,162,164,165,168,171,175,176,179,181,184,186,198,196,202,205
0,0,0,0,0,0,0,0,0,0,2,4,4,4,4,5,7,7,8,9,11,12,13,13,13,12,13,13,14,14,14,14,15,18,20,20,23,26,28,31,35,36,37,39,44,44,49,50,53,55,57,60,74,77,77,85,91,95,107,108,108,120,123,123,126,126,131,137,142,143,148,152,154,154,157,161,162,162,164,166,169,170,169,172,173,174,179,183,185,187,187
0,0,0,0,0,1,0,0,0,0,1,2,3,4,4,5,7,9,10,11,17,20,27,30,30,46,49,53,53,60,64,66,69,71,73,80,88,96,98,105,109,110,114,119,126,126,139,144,149,157,164,166,175,204,209,214,215,219,231,235,235,245,250,253,271,271,304,307,313,319,320,355,357,362,381,406,417,424,426,428,443,454,459,475,482,492,507,514,536,560,571
0,1,2,2,2,3,3,3,3,4,4,4,5,5,5,7,9,11,12,15,15,19,21,23,23,29,30,31,33,34,34,35,38,39,39,43,47,50,57,61,63,64,64,65,72,72,77,78,80,81,89,93,95,98,105,106,108,111,111,113,113,117,119,119,120,120,124,126,128,130,130,141,145,147,152,164,164,168,169,173,177,179,184,195,198,200,202,208,212,221,222
0,0,0,0,0,0,0,0,0,0,1,1,2,6,7,9,11,13,16,21,22,28,31,33,33,39,41,45,48,51,54,56,59,62,62,75,93,101,111,116,120,122,134,141,153,153,167,172,182,191,208,218,224,232,244,249,263,271,281,286,286,312,318,321,327,327,343,363,379,388,401,410,421,433,446,457,473,485,501,509,516,520,524,528,537,544,555,576,588,600,606
0,1,2,3,5,5,5,9,10,11,15,18,26,30,34,39,45,57,67,86,91,90,98,103,103,113,119,121,127,138,145,148,153,162,164,184,200,226,239,259,274,283,310,314,335,335,370,382,392,398,431,445,460,463,476,481,489,501,517,530,530,555,559,565,567,567,586,591,609,621,626,652,660,669,686,706,725,734,751,764,771,780,786,803,814,829,845,871,882,903,913
0,0,0,0,0,0,0,0,0,0,0,0,0,0,1,1,1,1,1,1,1,1,1,1,1,1,1,1,1,1,1,1,1,1,1,1,1,6,6,6,6,6,6,6,6,6,6,6,6,6,6,6,6,6,6,6,6,7,7,7,7,8,8,9,10,10,10,11,11,11,11,11,11,12,12,12,12,12,12,14,15,15,16,17,17,18,19,19,21,22,23
1,1,1,1,1,1,1,1,2,2,4,7,8,8,8,9,12,14,17,21,23,22,25,30,30,37,41,46,48,51,56,58,67,77,79,87,101,109,113,127,131,133,143,150,158,158,172,176,182,181,192,198,206,208,211,212,216,221,225,235,235,245,246,251,259,259,274,275,291,297,300,311,314,321,329,337,348,354,366,370,375,383,387,391,403,408,409,417,421,425,428
0,0,0,0,0,0,0,0,1,2,9,9,12,12,15,21,21,26,30,38,49,50,55,58,58,69,74,76,79,83,88,90,93,100,105,114,124,135,146,155,163,165,167,173,183,183,193,201,203,208,221,228,230,236,244,246,250,262,270,274,274,286,289,294,301,301,327,331,338,345,358,379,384,395,426,447,461,480,505,516,558,578,591,605,620,638,652,673,691,717,734
0,0,0,5,6,7,7,8,9,9,12,10,11,15,18,22,23,24,25,26,26,26,30,31,31,31,31,32,32,32,32,33,33,33,33,33,33,33,35,36,36,36,36,36,37,37,37,38,38,38,38,38,39,39,39,39,39,40,40,40,40,41,44,45,45,45,45,46,47,49,49,50,52,55,57,57,57,57,57,57,59,61,61,61,61,61,60,60,61,61,62
0,0,0,0,0,0,0,0,0,0,1,2,3,3,4,5,7,8,16,22,30,31,39,44,44,49,52,54,57,59,63,67,73,80,80,100,117,151,166,176,181,190,210,224,249,249,270,279,293,295,369,376,388,397,413,414,432,442,456,467,467,506,519,531,551,551,577,591,611,619,633,648,664,686,704,729,762,783,816,834,848,849,852,873,886,897,916,940,963,985,996
0,0,0,0,0,0,0,1,2,2,2,4,6,7,9,14,18,20,27,31,37,46,53,65,65,88,89,99,102,109,118,123,131,147,149,192,248,299,325,339,346,352,378,379,395,395,417,422,438,442,470,477,486,491,501,501,504,507,527,537,537,556,566,576,585,585,599,606,622,630,645,668,678,689,720,733,758,768,776,783,793,801,812,817,829,842,848,867,879,901,917
0,0,0,1,1,1,1,2,6,8,10,12,15,20,21,25,27,28,33,39,41,46,48,50,50,62,67,67,69,69,69,70,70,72,73,80,82,85,90,92,93,94,95,101,103,103,130,139,142,143,143,144,154,155,155,155,155,156,163,163,163,167,171,171,173,173,176,176,176,177,179,181,185,188,188,189,189,189,193,195,195,196,198,201,203,206,209,211,216,219,219
0,0,0,0,0,0,0,0,0,0,0,12,14,14,14,14,15,18,19,21,23,25,28,30,30,32,32,35,36,36,36,36,36,36,36,36,36,36,37,37,37,37,37,37,37,37,37,37,37,37,38,40,40,40,40,40,40,40,40,40,40,42,42,42,42,42,41,41,41,41,41,42,42,42,42,42,42,42,42,42,43,43,43,43,43,43,43,44,44,44,46
0,0,0,0,0,0,0,0,0,1,4,4,4,6,7,7,11,16,19,27,33,38,49,51,51,58,60,65,69,75,76,78,81,91,94,109,141,166,183,195,202,209,230,244,268,268,311,315,325,339,378,382,393,403,434,440,449,466,489,512,512,545,559,568,579,579,603,619,636,647,658,670,693,731,749,775,792,806,831,849,859,869,894,911,924,943,955,982,1000,1017,1031
0,0,0,0,0,0,1,2,2,3,4,5,5,6,7,8,10,13,17,19,23,26,27,28,28,36,38,38,39,42,44,49,54,65,66,80,97,100,104,112,113,113,117,118,122,122,136,143,148,150,162,169,170,171,173,174,178,182,188,192,192,197,201,205,210,210,233,243,252,258,276,286,291,304,324,345,357,360,369,380,397,416,422,444,451,456,468,486,497,524,539
2,2,2,2,3,3,3,6,6,7,10,10,10,10,25,25,33,43,53,58,58,72,72,80,94,117,117,117,164,179,184,184,215,215,215,215,249,263,263,299,299,325,362,362,393,383,406,411,417,452,482,501,501,516,542,551,551,593,607,607,662,684,694,694,704,784,790,805,831,848,853,883,900,911,918,923,928,928,937,943,968,974,981,987,987,1008,1008,1023,1023,1037,1042
0,0,0,0,0,0,0,0,1,1,2,2,5,5,6,9,14,15,17,27,31,32,39,43,43,52,57,57,60,64,67,73,77,79,81,94,107,113,124,126,133,140,143,147,155,155,183,186,188,195,230,233,241,249,260,261,263,270,287,294,294,325,325,336,353,353,378,388,397,415,423,445,456,473,502,532,536,542,547,556,579,595,607,615,618,632,655,665,687,696,701
0,0,0,0,0,0,0,0,0,0,0,5,4,4,5,7,9,9,13,16,21,24,31,37,37,47,47,49,53,58,62,66,76,87,91,113,126,133,147,153,155,160,163,171,197,197,238,250,255,269,284,308,315,336,352,359,362,379,396,403,403,416,422,430,441,441,456,461,469,474,482,504,514,531,538,559,569,583,595,606,622,637,649,676,682,685,691,715,724,734,737
0,0,0,0,0,0,0,0,0,0,0,1,1,1,1,1,1,1,1,1,1,1,1,1,1,1,1,1,1,1,1,1,1,1,1,1,1,1,1,1,1,1,1,1,1,1,1,1,1,1,1,1,1,1,1,1,1,1,2,2,2,2,2,2,2,2,2,3,3,3,3,3,3,3,3,3,3,3,3,3,3,3,3,3,3,3,3,4,4,4,5
0,0,0,1,1,2,2,3,4,5,8,5,5,5,5,7,7,7,8,8,8,10,10,10,10,10,10,10,10,10,10,11,11,12,12,15,16,16,16,16,16,18,19,19,20,20,20,20,20,20,20,20,20,20,20,20,20,20,20,22,22,22,22,22,22,22,22,22,22,22,22,22,23,23,24,26,26,26,29,29,30,32,32,32,32,32,32,33,35,35,36
0,0,0,0,0,0,0,0,0,1,3,4,4,4,5,10,13,15,22,24,24,30,35,40,40,45,47,48,49,56,58,63,68,71,72,82,97,110,122,126,131,132,149,151,169,169,176,182,193,198,212,221,232,239,253,258,265,270,279,283,283,297,298,304,310,310,328,338,352,360,376,400,413,429,446,481,506,518,538,567,600,618,643,658,680,705,733,757,786,801,822
0,0,0,0,0,0,0,0,1,1,2,2,3,6,6,8,8,12,12,16,21,20,24,24,24,28,28,28,28,31,31,31,33,35,36,39,42,46,48,49,48,50,51,52,53,53,55,56,60,60,61,63,64,64,65,65,65,65,66,67,67,70,72,72,78,78,80,82,85,87,89,88,89,89,90,92,92,92,93,93,94,95,95,95,97,97,98,103,105,106,106
0,0,0,0,0,0,0,0,0,0,0,0,0,1,1,1,1,1,1,1,1,1,1,1,1,1,5,5,8,11,13,12,14,15,15,17,18,19,22,23,25,25,24,26,27,27,27,27,28,28,29,29,29,29,29,29,29,29,29,29,29,31,31,31,31,31,33,34,37,41,41,42,43,43,44,46,46,46,46,46,46,46,46,46,47,47,47,47,48,48,48
0,0,0,0,0,0,0,0,0,0,0,0,0,1,1,1,1,1,1,1,1,1,1,1,1,5,5,5,5,6,6,8,8,8,8,10,10,10,10,10,10,10,10,10,10,10,10,10,10,10,11,11,11,12,12,12,12,12,13,13,13,13,13,13,13,13,13,14,14,14,14,14,17,17,18,18,18,18,18,19,20,20,20,20,20,20,20,20,20,20,21
0,0,0,0,0,0,1,1,3,5,6,7,8,8,10,13,16,20,22,27,28,33,34,35,35,36,38,39,42,44,46,46,46,47,47,49,50,50,50,51,51,51,52,56,58,58,60,60,61,62,67,71,74,75,75,75,75,75,76,76,76,77,78,80,81,81,81,83,86,86,86,90,91,92,93,94,96,96,96,96,96,96,98,99,99,99,100,104,106,106,108
0,0,0,0,0,0,0,0,0,0,0,1,1,1,1,1,1,1,5,6,7,8,8,8,8,9,8,8,8,8,8,8,8,8,8,8,9,10,11,11,11,11,11,11,11,11,11,12,12,12,12,12,12,12,12,12,12,12,12,12,12,12,12,12,11,11,12,13,13,16,16,17,17,18,18,18,18,18,18,18,18,19,19,19,19,19,19,20,20,20,20
0,0,0,0,1,2,4,5,7,9,20,23,24,29,34,39,50,54,60,62,64,67,68,73,73,81,83,84,85,84,84,84,84,85,85,91,94,94,95,95,98,99,102,103,106,106,107,108,110,111,113,115,116,117,118,120,120,120,120,120,120,123,123,126,128,128,131,132,134,135,138,138,138,138,139,140,141,143,143,145,146,147,148,150,150,151,151,154,161,164,167
0,0,0,1,2,3,2,3,4,5,8,8,11,13,20,20,20,21,25,34,38,43,46,53,53,62,70,73,73,82,84,87,89,96,99,111,126,143,149,157,160,163,169,178,196,196,218,225,233,240,274,278,289,298,314,318,327,337,346,360,360,385,393,399,417,417,446,458,475,482,495,510,528,544,558,578,595,622,649,656,671,682,692,709,713,712,720,729,739,751,758
0,0,0,0,0,0,0,0,0,0,0,0,0,0,0,0,0,0,0,0,1,1,1,1,1,1,1,1,1,1,1,1,1,1,1,1,1,1,1,1,1,1,1,1,1,1,2,2,2,2,2,2,2,2,2,2,2,2,2,2,2,2,2,2,2,2,2,2,2,2,2,2,2,2,2,2,2,2,2,2,2,2,2,2,2,2,2,2,2,2,2
0,0,0,0,0,0,0,0,0,0,0,1,1,1,1,1,1,5,5,7,8,8,8,8,8,9,10,11,11,11,11,11,12,12,12,13,13,13,13,13,13,13,13,13,13,13,13,13,13,13,13,13,13,13,13,13,13,13,13,13,13,13,13,13,13,13,14,14,14,14,14,14,14,14,14,14,14,14,14,14,14,14,14,14,14,14,14,15,17,17,17
0,0,0,0,0,0,0,0,0,0,0,0,1,2,2,2,3,3,5,6,8,9,10,10,10,12,15,15,15,16,16,16,16,16,16,17,19,21,23,24,28,28,29,30,32,32,37,38,40,40,43,44,47,50,52,52,55,56,59,62,62,66,67,68,68,68,71,73,75,75,81,87,89,91,100,109,114,121,125,129,138,138,142,143,143,147,148,151,156,162,163
0,0,0,0,0,0,0,0,0,0,0,1,1,3,3,3,5,6,7,8,8,8,10,10,10,13,15,16,17,19,19,19,23,24,26,31,32,32,35,40,40,44,44,46,48,48,55,57,58,58,61,61,65,67,69,69,70,72,77,79,79,81,82,82,90,90,104,110,116,118,120,121,124,126,130,134,138,141,144,150,157,160,165,171,172,173,175,180,186,189,192
1,1,1,1,1,1,1,1,1,1,1,1,2,3,3,4,5,6,6,7,9,13,14,15,15,17,18,18,18,18,18,18,18,20,20,23,23,24,25,25,25,25,27,27,28,28,29,29,29,30,30,30,31,31,33,33,35,37,38,38,38,39,39,39,39,39,40,41,43,44,45,48,49,52,55,60,60,62,63,69,70,71,74,77,77,79,79,80,83,88,88
0,0,0,0,1,1,1,1,2,3,3,0,0,1,1,1,5,5,6,8,9,12,12,16,16,18,20,22,22,26,27,27,29,33,34,39,48,58,61,64,67,68,77,77,83,83,96,97,100,102,119,121,123,125,129,132,132,137,140,144,144,157,160,161,165,165,173,176,177,179,180,183,187,188,191,192,193,194,195,201,203,206,212,215,225,230,231,235,238,241,243
0,0,0,0,0,0,0,0,1,1,3,5,6,6,6,6,6,7,7,7,10,11,13,12,12,13,13,13,14,14,14,15,15,16,16,19,23,25,26,26,27,28,29,29,30,30,30,30,30,32,37,40,42,44,48,49,54,57,77,80,80,81,81,82,86,86,88,91,111,123,127,134,136,136,138,139,139,140,141,145,149,153,158,162,166,166,170,179,180,182,183
0,0,0,0,0,0,0,0,0,0,0,1,1,1,1,1,1,1,1,5,5,5,5,5,5,5,6,6,6,8,8,8,8,8,8,8,9,9,10,10,11,11,11,11,11,11,11,11,12,12,12,12,12,12,14,14,15,18,18,18,18,19,19,19,19,19,21,21,22,22,22,22,22,22,22,23,23,23,23,23,22,23,23,24,24,24,24,24,24,24,24
0,0,0,0,0,0,0,0,0,0,0,0,0,0,0,0,0,0,0,0,0,0,0,0,0,0,0,0,0,0,0,0,0,0,0,0,0,0,0,0,0,0,0,0,0,0,0,0,0,0,0,0,0,0,0,0,0,0,1,1,1,1,1,1,1,1,1,1,1,1,1,1,1,1,1,1,1,1,1,1,1,1,1,1,1,1,1,1,2,2,2
1,1,1,1,1,1,1,2,2,4,5,8,9,10,11,14,14,19,25,25,26,31,31,36,36,39,43,45,50,50,55,58,70,75,76,82,90,104,122,125,143,157,167,185,271,271,527,578,598,609,613,625,630,634,669,701,734,753,764,772,772,786,799,799,801,801,807,810,826,829,843,854,883,893,901,905,910,916,924,930,936,937,947,959,965,972,987,1000,1007,1012,1022
0,2,2,3,4,4,4,7,7,10,16,24,32,38,41,48,50,65,78,89,102,106,112,122,122,130,135,143,150,157,166,178,188,196,201,221,244,273,283,297,304,306,326,332,357,357,378,387,402,405,436,450,462,463,479,484,496,507,529,549,549,576,579,583,594,594,623,632,648,659,677,690,701,716,734,754,769,772,785,801,807,822,829,835,846,847,850,864,879,886,889
0,0,0,0,0,0,0,0,0,0,0,0,0,0,0,1,1,1,1,1,1,1,1,1,1,5,6,6,6,8,9,9,11,11,13,14,15,15,16,16,16,17,17,17,18,18,26,27,27,27,29,31,31,31,31,31,31,35,35,35,35,36,39,39,42,42,49,49,49,51,51,53,54,56,65,70,71,73,73,74,78,81,83,85,86,89,92,93,97,99,101
1,1,3,2,4,5,7,12,16,18,21,28,38,41,47,49,53,56,62,65,68,74,77,81,81,88,90,92,92,96,98,100,107,111,115,124,135,139,144,147,149,150,154,156,157,157,164,168,171,185,190,198,203,206,206,206,209,212,222,224,224,240,241,241,243,243,244,245,249,249,254,256,259,261,267,272,278,281,284,288,293,300,300,305,306,312,313,317,322,330,337
0,0,0,0,0,0,0,0,0,0,0,1,1,1,1,1,1,5,5,5,5,5,7,7,7,7,7,7,7,7,7,7,7,7,7,8,10,11,11,11,11,11,11,10,9,9,9,9,9,9,9,9,9,9,9,9,9,9,9,9,9,10,10,10,10,10,10,10,10,10,10,10,10,11,10,11,12,12,12,11,11,11,11,11,11,11,11,11,11,11,12
2,2,4,5,6,7,7,8,10,12,17,21,25,27,32,33,37,43,46,52,56,57,61,64,64,72,76,79,80,81,85,85,85,88,89,93,97,102,109,114,116,116,116,119,124,124,129,131,133,138,150,153,159,163,175,177,180,183,188,194,194,197,199,201,204,204,207,213,214,216,216,221,222,224,227,230,233,239,242,243,246,251,254,262,267,272,273,277,278,280,284
0,0,0,0,0,0,0,0,0,0,0,0,0,0,0,1,1,1,1,1,1,1,1,1,1,1,1,1,1,1,1,1,1,1,1,1,1,5,5,5,5,5,5,5,5,5,5,5,5,5,5,5,5,5,6,6,6,7,8,8,8,8,8,8,8,8,9,9,9,9,9,10,10,10,10,11,12,12,12,12,12,12,13,14,14,14,14,15,15,15,19
0,0,0,0,0,0,0,0,0,0,0,1,1,1,1,1,1,1,1,1,1,1,1,1,1,1,1,1,1,5,5,5,5,5,5,5,5,6,6,6,6,7,7,7,7,7,7,8,8,8,8,9,9,9,9,9,9,13,15,15,15,17,17,18,18,18,18,19,20,21,21,25,25,25,26,31,31,34,37,38,37,37,39,39,39,40,43,44,45,46,50
1,1,1,0,0,3,3,4,5,6,11,12,14,16,18,20,25,25,38,46,55,58,61,64,64,71,74,76,78,81,84,86,88,90,89,92,97,97,104,104,104,105,107,107,111,111,117,118,121,121,128,128,130,132,137,138,138,145,150,152,152,154,153,154,158,158,159,158,163,163,166,174,175,176,181,188,190,190,193,195,196,204,209,214,215,216,217,221,221,220,221
0,0,0,0,0,0,0,0,0,0,0,0,0,0,0,0,0,0,1,1,1,1,1,1,1,1,1,1,1,1,1,1,1,1,1,5,6,7,10,12,13,14,22,22,22,22,27,29,29,30,34,36,38,38,40,40,43,45,47,48,48,52,54,54,58,58,65,65,71,73,74,76,77,79,82,86,86,91,95,95,104,105,110,122,126,129,140,149,163,172,176
0,0,0,0,0,0,1,1,1,2,4,4,11,12,14,19,25,30,35,42,52,58,69,76,76,88,93,96,98,104,108,116,123,133,136,154,172,188,195,202,209,213,219,226,233,233,254,261,265,269,283,290,300,304,306,310,314,321,333,342,342,360,365,370,386,386,422,440,449,461,471,517,526,539,596,643,660,674,687,709,734,778,809,835,850,884,944,979,1026,1050,1060
0,0,0,0,0,0,0,1,1,1,2,3,4,4,4,5,11,12,15,17,22,23,26,27,27,36,39,39,41,44,47,46,48,53,53,63,70,80,85,94,94,95,102,108,112,112,121,130,131,131,142,146,153,154,163,168,173,182,188,192,192,211,219,223,239,239,260,278,285,302,316,335,348,369,381,394,403,411,425,432,443,459,475,507,517,531,549,565,581,586,599
1,1,1,1,2,2,3,3,3,3,4,3,3,5,5,6,7,7,7,9,10,10,11,11,11,12,15,15,17,17,17,20,21,26,28,30,34,38,51,56,59,60,61,68,74,74,82,91,93,93,93,97,100,99,99,100,100,105,107,109,109,110,110,111,116,116,119,119,119,119,120,122,122,123,123,125,127,129,129,130,134,134,134,136,136,136,137,140,138,138,137
0,0,0,0,0,0,0,0,0,0,0,0,0,0,0,0,5,5,5,5,5,6,6,6,6,7,7,7,7,7,7,7,7,7,7,7,7,7,7,7,7,7,7,8,9,9,10,10,11,11,12,12,14,14,20,20,20,21,23,23,23,23,23,24,26,26,26,27,27,27,28,30,30,30,34,36,37,39,40,40,42,42,47,47,47,50,51,53,53,54,54
0,0,0,0,1,1,1,2,2,3,4,3,5,5,5,7,8,9,11,13,15,17,18,22,22,25,29,29,28,29,30,31,33,35,37,39,46,52,53,56,57,60,60,63,63,63,67,68,70,73,75,77,79,81,83,84,84,88,91,93,93,100,102,105,114,114,131,132,133,137,138,143,144,148,151,161,164,165,174,176,180,188,190,201,206,210,214,222,228,238,246
0,0,0,1,1,1,1,2,2,2,3,1,1,1,1,1,1,5,6,7,7,8,8,10,10,11,11,11,11,11,11,11,12,13,13,14,15,16,16,16,16,16,16,16,16,16,16,17,18,18,19,19,20,21,21,23,23,24,27,27,27,28,28,28,28,28,29,29,30,32,33,33,33,34,34,34,34,34,35,34,34,35,35,36,36,37,37,37,38,39,39
0,0,0,3,3,4,4,7,7,7,11,10,10,14,15,18,19,19,19,19,21,21,22,22,22,22,22,21,21,22,22,22,22,24,24,25,26,27,28,30,32,33,34,36,37,37,40,46,46,52,56,56,57,57,57,57,59,63,65,66,66,66,67,67,69,69,71,71,73,73,75,76,77,77,78,80,81,82,82,84,86,86,86,87,88,89,89,88,88,88,89
0,0,0,0,0,1,1,2,2,2,2,3,5,6,6,8,9,10,11,13,18,22,23,26,26,28,29,32,34,39,46,48,48,53,55,61,70,77,83,89,91,91,102,107,115,115,135,138,143,146,165,178,181,184,189,189,193,198,207,215,215,228,234,236,241,241,246,250,258,262,271,275,286,293,301,306,319,324,332,337,337,341,343,358,362,364,369,379,384,389,391
0,0,0,0,0,0,0,0,0,0,0,0,0,0,0,1,1,1,1,1,1,1,1,1,1,1,1,1,1,1,1,1,1,1,1,1,1,1,1,1,4,4,4,4,4,4,6,6,6,6,7,7,7,7,7,7,7,7,8,8,8,8,10,10,10,10,11,12,13,13,14,15,15,16,18,17,19,19,20,20,20,21,21,21,22,23,24,24,24,25,26
0,0,0,0,0,1,1,1,1,1,1,0,1,1,1,5,8,9,10,10,13,14,18,21,21,30,29,31,32,32,36,36,37,39,40,43,46,52,55,59,62,62,67,72,79,79,99,100,100,101,106,107,108,108,109,111,111,111,113,115,115,118,119,120,120,120,125,126,127,136,138,141,144,146,148,150,158,160,162,163,162,163,165,167,168,166,166,171,171,172,177
0,0,1,1,1,1,1,1,1,1,2,4,8,15,18,25,30,35,42,52,61,70,81,86,86,91,97,105,107,114,121,128,138,145,147,171,195,220,240,251,258,266,297,299,322,322,337,347,365,381,433,446,455,466,475,480,498,516,541,560,560,585,589,602,619,619,647,662,676,711,727,730,749,772,797,809,822,835,864,878,883,883,889,899,912,917,932,969,985,1004,1017
5,5,5,5,6,7,8,8,9,9,14,17,19,23,24,26,29,29,30,33,37,37,38,38,38,44,44,44,44,45,47,50,52,51,51,56,61,65,66,69,69,69,71,71,74,74,77,77,77,78,81,83,85,87,89,90,92,94,96,99,99,104,105,108,113,113,119,133,140,142,145,150,157,160,162,167,171,175,179,181,187,235,261,263,265,270,273,278,283,283,285
0,0,0,0,0,0,1,1,1,3,6,0,1,2,1,1,1,1,3,5,9,11,11,11,11,11,12,12,12,13,17,20,24,24,24,24,29,31,38,44,45,46,47,48,48,48,51,50,52,56,57,58,63,65,67,70,84,88,97,101,101,107,107,107,109,109,119,140,142,142,144,145,148,155,156,159,162,164,166,167,173,174,175,178,178,180,182,188,189,191,192
0,0,0,0,0,0,0,0,0,0,0,1,1,1,1,1,1,1,5,6,6,6,6,6,6,7,7,7,7,7,7,7,7,7,7,8,9,9,9,9,9,9,9,9,9,9,10,10,10,10,11,11,13,13,13,13,13,14,15,16,16,16,16,16,16,16,16,16,16,16,18,18,19,19,19,20,20,20,20,20,20,20,20,21,21,21,22,23,23,23,23
2,1,2,2,2,2,3,4,5,9,14,21,32,34,43,53,63,69,76,85,86,92,101,111,111,125,140,143,145,153,159,163,181,189,194,204,217,220,226,230,233,236,242,245,253,253,270,277,279,283,298,306,308,311,315,315,315,324,327,329,329,337,338,339,341,341,345,344,350,353,356,357,358,363,368,381,388,392,398,405,410,409,410,412,414,417,422,426,435,444,449
0,0,0,1,1,1,1,1,1,1,2,2,2,3,4,5,5,5,7,8,10,12,12,13,13,15,15,15,15,21,21,21,23,24,24,30,35,42,48,50,51,53,59,63,66,66,72,72,73,73,81,82,86,88,89,89,90,93,94,96,96,96,98,100,100,100,105,107,108,112,112,113,116,121,122,124,124,124,128,130,131,131,133,135,135,135,135,137,137,138,141
0,0,0,1,1,1,1,1,1,4,6,4,5,5,6,12,14,15,16,15,16,17,20,22,22,24,25,26,26,27,28,28,27,34,35,38,42,45,58,63,64,65,68,73,80,80,84,88,88,88,95,98,101,103,102,105,108,112,116,120,120,128,130,133,135,135,142,143,146,151,158,164,172,180,192,198,206,212,216,216,219,230,231,244,247,249,256,259,262,271,272
0,0,0,0,0,0,0,0,0,0,0,0,0,0,0,0,0,0,0,0,0,0,0,0,0,0,0,0,0,0,0,0,1,1,1,1,1,1,1,1,4,7,34,36,35,35,39,40,63,92,91,105,118,4,5,4,4,5,12,12,12,13,14,14,15,15,15,16,17,19,20,21,21,21,23,23,24,25,27,28,28,27,28,28,29,84,23,23,23,23,23
0,0,0,0,0,0,0,0,0,1,1,1,1,1,1,1,1,1,1,5,6,7,7,7,7,8,8,8,10,10,10,12,12,14,15,16,22,23,23,25,26,26,26,27,28,28,29,29,30,30,30,31,35,35,35,35,35,37,39,41,41,46,48,51,53,53,64,64,66,70,77,82,85,87,93,94,94,94,96,100,104,108,112,118,120,122,127,131,139,150,152
0,0,0,1,3,6,6,7,9,11,12,2,3,4,4,7,8,11,12,17,21,25,28,29,29,31,32,32,32,34,36,38,39,42,44,48,57,61,67,72,74,74,77,79,87,87,90,91,91,91,91,92,93,97,98,99,100,101,103,105,105,107,108,109,110,110,110,111,115,120,121,123,124,127,127,130,133,136,138,142,145,148,150,155,156,159,160,159,164,168,170
0,0,0,0,0,0,0,0,0,0,0,13,14,18,19,21,23,23,27,29,30,30,31,32,32,33,34,35,36,38,40,43,44,45,46,52,60,66,67,69,75,84,84,86,101,101,114,125,126,128,132,138,142,152,156,156,170,171,173,174,174,178,179,179,182,182,189,188,190,194,195,197,203,207,207,212,217,217,219,220,221,222,225,225,226,231,235,245,247,250,253
0,0,0,1,1,2,2,4,4,4,4,4,6,7,10,13,17,22,26,33,36,38,53,61,61,73,77,80,86,92,96,104,113,117,124,142,172,191,206,222,231,237,252,257,277,277,307,320,332,345,391,401,411,429,435,442,452,472,489,505,505,529,543,552,570,570,593,607,622,629,641,651,664,674,690,717,741,757,771,786,813,821,830,843,864,880,890,904,919,933,947
0,0,0,1,1,1,1,1,1,1,3,1,1,1,1,1,5,7,7,10,12,13,14,15,15,16,15,15,15,18,20,20,23,23,23,26,28,36,40,44,47,47,50,51,54,54,60,59,60,61,68,70,73,73,75,77,77,78,90,92,92,101,104,108,112,112,115,119,120,122,125,126,133,140,145,159,166,170,174,180,182,186,189,195,197,199,208,217,220,223,227
0,0,0,0,0,0,0,0,0,0,0,1,1,1,1,1,1,5,5,5,6,7,12,12,12,14,15,16,16,17,18,18,21,21,21,25,25,29,32,34,34,36,36,37,38,38,44,50,51,51,59,60,61,61,61,62,62,63,65,66,66,66,69,69,70,70,74,76,79,79,79,83,83,84,84,85,85,86,86,87,89,90,93,93,93,96,99,102,104,104,107
0,0,0,0,0,1,1,1,3,3,5,2,3,5,5,6,7,7,8,11,14,14,16,18,18,21,23,24,27,27,31,33,34,34,35,45,63,70,78,84,87,91,99,102,109,109,119,122,127,130,150,155,164,166,172,173,177,182,190,194,194,220,229,233,238,238,257,260,270,276,278,287,298,310,321,341,351,361,374,383,394,401,414,436,443,457,471,483,498,519,525
0,0,0,0,0,0,0,0,0,0,0,0,0,0,0,0,0,0,0,0,0,0,0,0,0,0,0,0,0,0,0,0,0,0,0,0,0,0,0,0,0,0,0,0,0,0,1,1,1,1,1,1,1,1,1,1,1,1,1,1,1,1,1,1,1,1,1,1,1,1,2,2,2,2,3,3,3,3,4,4,4,4,21,21,21,21,21,4,4,4,4
0,0,1,1,2,1,1,1,1,1,1,1,2,3,3,3,4,4,6,7,8,9,9,10,10,12,13,13,13,13,13,14,15,15,15,16,19,19,20,21,22,22,22,23,23,23,23,23,23,23,24,25,25,25,27,27,27,30,30,30,30,32,32,33,34,34,35,35,35,36,38,43,44,45,44,46,47,49,50,51,52,52,52,54,55,54,55,56,60,61,63
0,0,0,0,0,0,0,0,0,0,0,0,0,0,0,0,0,1,1,1,7,8,12,13,13,18,18,20,20,22,22,24,25,27,27,34,36,36,37,37,39,40,40,41,43,43,46,47,48,49,51,52,52,56,57,57,57,60,61,64,64,69,69,71,79,79,89,94,95,97,98,112,113,116,126,135,137,138,139,143,147,147,150,154,156,162,167,176,179,182,186
0,0,0,0,0,0,0,0,0,1,1,1,1,2,2,7,7,11,12,14,15,16,19,20,20,24,27,27,29,29,30,30,36,39,40,50,56,62,66,68,76,77,83,85,92,92,98,105,110,115,121,132,134,135,140,143,143,152,152,156,156,167,170,176,183,183,202,215,222,226,241,258,268,281,297,311,319,326,336,345,352,360,376,390,395,404,413,430,444,463,468
1,1,1,1,1,2,1,1,3,4,6,6,7,7,9,12,14,15,16,20,21,25,26,30,30,34,41,42,44,50,51,53,58,58,60,69,75,78,82,86,94,101,103,105,111,111,122,123,126,126,140,140,142,142,147,148,149,152,156,157,157,163,164,167,168,168,174,177,179,182,187,196,202,207,215,223,236,240,241,245,249,252,272,280,285,288,288,292,300,308,308
0,0,0,0,0,0,0,0,0,0,0,5,6,7,8,9,11,11,15,18,20,20,21,23,23,28,29,29,29,30,31,31,31,31,32,35,39,48,48,50,52,53,54,56,60,60,63,65,65,65,65,68,72,74,75,75,76,79,79,80,80,82,84,85,88,88,90,90,95,96,96,98,100,100,101,101,102,104,105,106,109,111,114,114,115,119,120,121,123,127,127
0,0,0,0,0,1,1,1,1,2,4,5,5,6,7,7,7,7,8,9,12,15,16,17,17,26,35,39,40,46,48,50,56,58,59,62,72,81,89,98,104,104,114,119,123,123,133,139,141,143,147,151,158,164,168,172,175,181,190,193,193,202,205,208,221,221,252,262,270,282,287,303,312,320,344,360,363,371,383,393,422,433,444,455,461,469,480,490,513,530,538
3,3,3,3,3,4,4,4,4,4,4,5,5,6,7,10,10,11,12,15,18,18,19,21,21,21,23,23,23,23,24,26,26,29,29,30,35,38,43,45,45,46,48,46,48,48,53,54,56,59,62,65,69,74,75,76,76,79,80,84,84,107,109,113,117,117,126,128,128,128,128,129,130,133,135,143,146,147,150,151,149,150,152,153,158,159,166,171,172,171,174
5,8,11,12,15,18,19,23,31,31,35,42,50,52,53,56,64,68,73,81,83,86,96,98,98,101,102,102,102,102,105,107,107,109,110,114,120,125,129,130,130,131,133,134,135,135,137,139,139,139,141,141,142,144,146,146,147,148,150,151,151,154,156,158,160,160,165,166,167,170,172,173,177,179,179,183,185,186,188,188,188,188,188,189,189,193,193,198,197,198,199
0,0,1,2,3,3,3,4,4,4,5,9,13,18,19,20,22,24,25,27,29,31,32,35,35,34,34,34,34,34,37,37,38,39,40,43,46,49,49,50,51,51,51,53,55,55,58,59,61,61,61,61,61,61,64,64,64,64,64,65,65,64,66,66,66,66,69,69,70,72,74,74,74,79,80,82,82,83,84,85,85,90,91,91,91,93,95,96,97,99,101
0,0,0,0,0,0,0,0,0,0,0,0,0,0,0,0,1,1,1,1,1,1,1,1,1,6,6,6,6,6,6,6,6,6,6,6,7,7,8,9,10,13,13,15,15,15,17,18,18,19,19,19,20,24,26,27,27,27,29,29,29,31,32,32,33,33,34,35,35,36,37,43,43,43,45,47,47,46,45,46,47,48,48,50,51,53,53,54,59,60,61
1,2,2,3,3,3,3,3,3,5,7,8,12,17,17,17,18,18,22,23,24,25,25,28,28,31,32,32,32,38,39,40,42,43,44,46,53,54,56,57,58,58,59,61,66,66,66,66,70,71,72,74,76,76,78,78,79,80,81,82,82,82,84,84,85,85,86,88,88,91,91,92,92,92,93,94,95,95,99,102,103,105,107,107,110,111,113,115,118,123,123
0,0,0,0,0,1,1,1,1,1,1,1,2,5,7,10,13,20,23,27,31,34,37,40,40,48,55,56,64,76,84,90,97,104,114,127,150,164,178,198,204,212,225,230,236,236,256,264,281,294,315,326,334,338,353,360,382,406,439,456,456,489,499,505,529,529,568,580,599,616,637,679,693,703,714,754,764,770,783,794,830,842,861,908,917,930,944,976,990,1007,1018
0,0,0,0,0,0,0,0,0,0,0,0,0,0,0,1,1,1,1,1,1,1,1,5,5,6,6,6,6,6,6,6,6,6,6,6,6,6,6,6,6,6,6,6,6,6,6,6,6,6,6,6,6,6,6,6,6,6,6,6,6,6,6,6,6,6,6,6,6,6,6,6,6,6,6,6,6,6,6,6,6,6,6,6,6,6,6,7,7,7,7
0,0,0,2,5,5,5,6,6,9,11,16,17,22,26,28,26,25,27,27,27,27,29,30,30,33,34,34,35,34,36,37,38,38,38,41,42,42,43,43,43,43,45,45,47,47,49,52,52,52,53,54,55,56,56,56,58,58,58,59,59,61,60,60,61,61,61,60,62,64,65,66,66,67,67,71,71,71,71,74,76,77,78,80,80,83,85,86,86,90,92
0,0,0,2,2,2,2,2,3,3,3,4,6,8,8,12,15,16,16,21,23,25,30,32,32,44,50,51,52,51,56,59,64,66,66,71,80,84,85,89,95,99,105,108,112,112,118,123,124,130,141,149,162,163,166,168,175,188,197,201,201,210,214,214,228,228,259,264,268,271,273,292,295,300,312,322,327,330,336,340,355,373,377,381,385,395,402,415,425,440,447
0,0,0,0,0,0,0,0,1,1,1,1,1,1,2,2,5,6,8,10,12,14,15,19,19,20,21,21,21,23,26,26,25,25,25,27,33,37,37,39,41,42,41,42,48,48,52,56,61,63,65,67,70,74,82,82,85,91,96,101,101,113,116,121,124,124,133,140,152,155,175,185,193,200,208,217,228,239,252,267,273,288,297,304,311,316,327,342,347,359,363
0,0,0,0,0,0,1,3,4,4,5,5,7,10,10,12,13,13,16,19,19,20,21,22,22,28,32,33,33,34,40,42,43,49,49,55,60,61,66,67,73,73,78,85,88,88,97,98,103,105,116,118,122,122,125,127,131,133,135,139,139,149,155,156,161,161,174,182,185,195,209,225,225,231,238,262,279,289,296,301,308,313,322,335,341,342,354,365,376,391,399
0,0,0,0,1,1,1,1,2,3,3,3,8,9,9,10,11,15,18,25,29,35,37,39,39,43,44,44,49,55,55,58,62,67,67,73,84,95,104,114,118,119,129,135,148,148,163,165,175,178,189,195,199,199,205,205,210,213,219,220,220,230,238,240,240,240,253,256,266,267,271,276,282,283,286,295,301,309,318,325,327,328,330,330,337,345,352,356,361,367,369
0,2,3,3,4,5,5,7,8,11,14,14,18,19,22,25,29,33,36,43,47,53,54,55,55,62,67,68,69,69,77,78,80,82,84,90,93,96,96,99,102,102,103,103,106,106,110,111,118,119,127,128,129,128,129,130,131,132,134,134,134,142,145,146,146,146,148,148,149,149,151,154,155,157,158,162,166,169,171,174,174,178,180,181,186,191,194,197,200,200,206
