6522
17596
20324
3130
85961
42680
52951
31068
16380
9101
14888
17415
44384
75753
7691
36667
44054
72829
10852
33829
6080
1268
31344
100316
23130
53227
4866
16843
5513
51831
35073
6945
9610
35397
12583
94384
50954
24208
38816
9039
28010
2287
56784
107323
27849
21486
32493
73967
9442
125897
6045
40455
116249
15970
40954
1379
7387
41905
31062
43815
60154
57818
23467
195047
50177
50535
28381
53525
9804
23561
39688
18587
10297
14915
86265
18442
1875
57566
77818
21588
61370
36635
1008
112482
1472
23130
115070
20381
18507
6094
46782
41009
33117
6509
24238
571
11141
79412
120783
31729
11782
22950
1374
26616
1388
19984
35238
69899
12514
11594
34039
35492
8302
28083
52197
18237
36817
61960
59933
53095
77848
4351
57561
103223
23940
75014
117432
42545
13340
65766
55319
134941
63151
42324
9755
2416
150269
24923
9351
2526
41301
4295
63261
62174
3218
8334
53280
47524
35064
23534
39306
12973
2082
80065
157447
17834
84084
13098
61166
10578
9273
30972
20935
96418
30496
24303
8100
55285
8609
34034
75848
9375
15316
69499
35502
33296
7782
137933
26527
23596
1888
21568
59230
24190
103770
20616
45284
23291
94
30004
16180
36815
21764
21010
104893
38814
35716
12659
23866
41500
103839
8663
47916
83838
34336
51517
46943
59661
